-0.000029 1.883060 
0.000297 1.883647 
0.000848 1.883776 
0.000958 1.884115 
0.001408 1.884550 
0.001737 1.884879 
0.001974 1.885232 
0.002447 1.885669 
0.002804 1.885960 
0.003007 1.886242 
0.003562 1.886786 
0.003766 1.886949 
0.004021 1.887412 
0.004505 1.887886 
0.004882 1.888283 
0.005270 1.888568 
0.005618 1.889021 
0.005976 1.889159 
0.006185 1.889584 
0.006525 1.889932 
0.007077 1.890548 
0.007450 1.890801 
0.007721 1.891057 
0.008134 1.891407 
0.008405 1.891831 
0.008620 1.891928 
0.009162 1.892457 
0.009479 1.892837 
0.009596 1.893149 
0.010000 1.893410 
0.010348 1.893950 
0.010631 1.894223 
0.011011 1.894619 
0.011341 1.894929 
0.011759 1.895525 
0.012160 1.895892 
0.012558 1.896245 
0.012808 1.896513 
0.013143 1.896834 
0.013662 1.897462 
0.014042 1.897822 
0.014226 1.897996 
0.014712 1.898514 
0.015083 1.898904 
0.015311 1.899086 
0.015684 1.899438 
0.016167 1.900047 
0.016503 1.900418 
0.016867 1.900732 
0.017135 1.901129 
0.017518 1.901605 
0.017829 1.901688 
0.018153 1.902057 
0.018455 1.902440 
0.019201 1.902623 
0.019391 1.903225 
0.019545 1.903793 
0.020075 1.904036 
0.020180 1.904195 
0.020532 1.904679 
0.020838 1.904921 
0.021218 1.905265 
0.021597 1.905713 
0.021913 1.906043 
0.022328 1.906559 
0.022696 1.906817 
0.022986 1.907200 
0.023353 1.907645 
0.023615 1.907696 
0.024013 1.908268 
0.024285 1.908472 
0.024645 1.908894 
0.024990 1.909219 
0.025356 1.909582 
0.025721 1.909997 
0.026205 1.910587 
0.026563 1.910996 
0.026927 1.911344 
0.027161 1.911516 
0.027499 1.911968 
0.027858 1.912256 
0.028443 1.912794 
0.028691 1.913217 
0.028964 1.913538 
0.029433 1.913997 
0.029771 1.914364 
0.030127 1.914777 
0.030532 1.915018 
0.030702 1.915276 
0.031127 1.915610 
0.031506 1.915990 
0.031840 1.916361 
0.032250 1.916953 
0.032555 1.917314 
0.032917 1.917563 
0.033415 1.918153 
0.033658 1.918431 
0.034011 1.918626 
0.034249 1.919011 
0.034647 1.919533 
0.034903 1.919726 
0.035280 1.920024 
0.035655 1.920323 
0.035994 1.920639 
0.036332 1.920973 
0.036634 1.921321 
0.036930 1.921764 
0.037291 1.922133 
0.037634 1.922476 
0.037993 1.922866 
0.038360 1.923260 
0.038702 1.923622 
0.039062 1.923995 
0.039417 1.924354 
0.039778 1.924743 
0.040142 1.925108 
0.040562 1.925431 
0.041026 1.926067 
0.041186 1.926238 
0.041570 1.926593 
0.041859 1.927043 
0.042216 1.927471 
0.042640 1.927889 
0.042942 1.928154 
0.043304 1.928523 
0.043824 1.929116 
0.044107 1.929339 
0.044451 1.929832 
0.044738 1.930101 
0.045021 1.930392 
0.045412 1.930721 
0.045740 1.931050 
0.046118 1.931432 
0.046575 1.932027 
0.046906 1.932487 
0.047198 1.932781 
0.047687 1.933010 
0.047994 1.933522 
0.048306 1.933891 
0.048474 1.934034 
0.048886 1.934318 
0.049182 1.934744 
0.049650 1.935356 
0.049897 1.935611 
0.050260 1.936062 
0.050594 1.936132 
0.050869 1.936466 
0.051190 1.936806 
0.051570 1.937252 
0.052064 1.937712 
0.052270 1.938005 
0.052578 1.938296 
0.052980 1.938677 
0.053413 1.939169 
0.053708 1.939442 
0.054064 1.939837 
0.054412 1.940157 
0.054791 1.940519 
0.055176 1.940891 
0.055545 1.941266 
0.055892 1.941672 
0.056284 1.942033 
0.056624 1.942702 
0.057042 1.943062 
0.057322 1.943188 
0.057772 1.943657 
0.058082 1.943978 
0.058412 1.944323 
0.058740 1.944737 
0.059139 1.945089 
0.059508 1.945482 
0.059840 1.945858 
0.060214 1.946226 
0.060533 1.946620 
0.060912 1.946982 
0.061260 1.947353 
0.061613 1.947736 
0.061933 1.948093 
0.062305 1.948431 
0.062608 1.948794 
0.063002 1.949087 
0.063387 1.949373 
0.063759 1.949677 
0.064106 1.949982 
0.064471 1.950313 
0.064784 1.950664 
0.065133 1.951052 
0.065485 1.951686 
0.065711 1.952003 
0.066068 1.952362 
0.066400 1.952772 
0.066738 1.953121 
0.067108 1.953479 
0.067451 1.953841 
0.067819 1.954219 
0.068147 1.954633 
0.068494 1.955039 
0.068858 1.955405 
0.069209 1.955738 
0.069570 1.956090 
0.069917 1.956479 
0.070286 1.956839 
0.070611 1.957376 
0.071073 1.957963 
0.071338 1.958007 
0.071617 1.958388 
0.072067 1.958840 
0.072419 1.959138 
0.072637 1.959532 
0.073121 1.960175 
0.073517 1.960499 
0.073764 1.960819 
0.074167 1.961300 
0.074673 1.961457 
0.074764 1.961756 
0.075309 1.962265 
0.075532 1.962585 
0.075901 1.962945 
0.076177 1.963313 
0.076618 1.963724 
0.076993 1.964060 
0.077296 1.964457 
0.077604 1.964596 
0.077798 1.964888 
0.078288 1.965421 
0.078495 1.965646 
0.078900 1.966176 
0.079247 1.966312 
0.079474 1.966678 
0.079985 1.967248 
0.080194 1.967369 
0.080520 1.967754 
0.081000 1.968283 
0.081342 1.968780 
0.081816 1.968945 
0.082069 1.969379 
0.082458 1.969914 
0.082722 1.970059 
0.083215 1.970689 
0.083505 1.970970 
0.083924 1.971346 
0.084213 1.971645 
0.084467 1.972161 
0.084994 1.972541 
0.085276 1.972765 
0.085736 1.973304 
0.086102 1.973702 
0.086405 1.973796 
0.086728 1.974133 
0.087109 1.974712 
0.087521 1.975147 
0.087805 1.975486 
0.088149 1.975729 
0.088473 1.976047 
0.088808 1.976485 
0.089279 1.977180 
0.089526 1.977400 
0.089950 1.977719 
0.090230 1.977895 
0.090563 1.978271 
0.090988 1.978822 
0.091254 1.979069 
0.091572 1.979413 
0.092040 1.979959 
0.092361 1.980382 
0.092819 1.980520 
0.092933 1.980786 
0.093419 1.981424 
0.093727 1.981784 
0.094125 1.981968 
0.094355 1.982331 
0.094769 1.982916 
0.095055 1.982999 
0.095405 1.983536 
0.095846 1.984033 
0.096082 1.984152 
0.096446 1.984515 
0.096931 1.985021 
0.097247 1.985316 
0.097649 1.985480 
0.097852 1.985981 
0.098316 1.986564 
0.098685 1.986873 
0.098920 1.987161 
0.099311 1.987440 
0.099730 1.988202 
0.099964 1.988256 
0.100312 1.988627 
0.100812 1.989162 
0.101134 1.989570 
0.101494 1.989940 
0.101727 1.990045 
0.102175 1.990701 
0.102431 1.990826 
0.102935 1.991357 
0.103216 1.991751 
0.103558 1.992114 
0.103809 1.992245 
0.104199 1.992795 
0.104625 1.993228 
0.104939 1.993593 
0.105107 1.993704 
0.105438 1.994029 
0.105891 1.994494 
0.106048 1.994753 
0.106457 1.995007 
0.106897 1.995507 
0.107089 1.995802 
0.107447 1.996093 
0.107799 1.996491 
0.108282 1.997050 
0.108656 1.997385 
0.108962 1.997662 
0.109248 1.997981 
0.109752 1.998647 
0.110056 1.998941 
0.110425 1.999419 
0.110881 1.999626 
0.111151 2.000070 
0.111440 2.000267 
0.111803 2.000737 
0.112151 2.001040 
0.112536 2.001412 
0.112859 2.001781 
0.113215 2.002125 
0.113550 2.002531 
0.114045 2.003139 
0.114325 2.003485 
0.114650 2.003803 
0.115039 2.003982 
0.115295 2.004445 
0.115658 2.004778 
0.116100 2.005276 
0.116475 2.005693 
0.116832 2.006035 
0.117153 2.006289 
0.117652 2.006962 
0.117834 2.007204 
0.118159 2.007353 
0.118513 2.007733 
0.119040 2.008401 
0.119153 2.008600 
0.119640 2.009204 
0.119855 2.009368 
0.120293 2.009735 
0.120564 2.009873 
0.120853 2.010324 
0.121377 2.010878 
0.121540 2.011044 
0.121977 2.011362 
0.122317 2.011709 
0.122598 2.012137 
0.123063 2.012535 
0.123260 2.012942 
0.123727 2.013336 
0.124187 2.013842 
0.124539 2.014259 
0.124758 2.014365 
0.125125 2.014643 
0.125612 2.015331 
0.125950 2.015765 
0.126329 2.016027 
0.126515 2.016333 
0.126933 2.016522 
0.127220 2.017027 
0.127765 2.017671 
0.128112 2.017974 
0.128513 2.018240 
0.128680 2.018485 
0.129062 2.018776 
0.129358 2.019303 
0.129650 2.019596 
0.130024 2.019983 
0.130399 2.020350 
0.130954 2.020947 
0.131220 2.021278 
0.131483 2.021578 
0.131828 2.021784 
0.132090 2.022171 
0.132508 2.022615 
0.132748 2.022862 
0.133101 2.023210 
0.133441 2.023540 
0.133880 2.024040 
0.134212 2.024517 
0.134615 2.024645 
0.134784 2.024989 
0.135064 2.025317 
0.135436 2.025656 
0.135806 2.026030 
0.136287 2.026575 
0.136612 2.026859 
0.136891 2.027154 
0.137377 2.027777 
0.137769 2.028122 
0.137974 2.028248 
0.138401 2.028899 
0.138744 2.029226 
0.139172 2.029640 
0.139559 2.030092 
0.139753 2.030166 
0.140188 2.030470 
0.140471 2.030946 
0.140930 2.031486 
0.141246 2.031884 
0.141541 2.032192 
0.141988 2.032630 
0.142397 2.033003 
0.142648 2.033354 
0.142958 2.033506 
0.143327 2.034000 
0.143621 2.034292 
0.143992 2.034665 
0.144479 2.035219 
0.144827 2.035589 
0.145182 2.035952 
0.145567 2.036389 
0.145795 2.036519 
0.146226 2.037115 
0.146461 2.037216 
0.146791 2.037629 
0.147118 2.037977 
0.147454 2.038314 
0.147805 2.038646 
0.148131 2.038996 
0.148461 2.039324 
0.148823 2.039659 
0.149180 2.040034 
0.149515 2.040389 
0.149881 2.040753 
0.150226 2.041146 
0.150561 2.041483 
0.150915 2.041862 
0.151239 2.042231 
0.151608 2.042574 
0.151978 2.042983 
0.152329 2.043366 
0.152690 2.043753 
0.152995 2.044148 
0.153528 2.044809 
0.153837 2.045115 
0.154169 2.045456 
0.154538 2.045645 
0.154799 2.046066 
0.155179 2.046476 
0.155722 2.047054 
0.156010 2.047458 
0.156444 2.047661 
0.156648 2.048024 
0.157113 2.048556 
0.157298 2.048626 
0.157586 2.049012 
0.157954 2.049372 
0.158328 2.049723 
0.158695 2.050103 
0.159039 2.050462 
0.159381 2.050789 
0.159716 2.051145 
0.160172 2.051774 
0.160524 2.052174 
0.160877 2.052570 
0.161181 2.052680 
0.161371 2.052979 
0.161842 2.053470 
0.162105 2.053770 
0.162493 2.054240 
0.162726 2.054294 
0.163189 2.054947 
0.163565 2.055296 
0.163907 2.055759 
0.164160 2.055787 
0.164466 2.056265 
0.164800 2.056588 
0.165165 2.057003 
0.165518 2.057367 
0.166066 2.057905 
0.166435 2.058315 
0.166702 2.058627 
0.167012 2.058897 
0.167353 2.059227 
0.167859 2.059907 
0.168078 2.059997 
0.168570 2.060577 
0.168911 2.060890 
0.169269 2.061434 
0.169486 2.061458 
0.169835 2.061913 
0.170266 2.062391 
0.170517 2.062623 
0.171089 2.063263 
0.171285 2.063351 
0.171737 2.063968 
0.171999 2.064169 
0.172319 2.064509 
0.172866 2.065151 
0.173204 2.065451 
0.173575 2.065874 
0.173728 2.066054 
0.174197 2.066650 
0.174399 2.066763 
0.174826 2.067161 
0.175122 2.067383 
0.175440 2.067846 
0.175925 2.068334 
0.176070 2.068457 
0.176576 2.069103 
0.176747 2.069293 
0.177382 2.069526 
0.177374 2.070079 
0.177805 2.070217 
0.178153 2.070638 
0.178587 2.071348 
0.178896 2.071536 
0.179353 2.071708 
0.179607 2.072391 
0.180113 2.072464 
0.180335 2.072904 
0.180794 2.073496 
0.181146 2.073826 
0.181500 2.074274 
0.181808 2.074362 
0.182121 2.074611 
0.182395 2.075133 
0.182877 2.075694 
0.183292 2.076074 
0.183601 2.076498 
0.183864 2.076530 
0.184325 2.077202 
0.184654 2.077499 
0.184974 2.077889 
0.185303 2.078150 
0.185570 2.078564 
0.186105 2.078968 
0.186455 2.079267 
0.186658 2.079549 
0.186998 2.079863 
0.187293 2.080323 
0.187667 2.080692 
0.187972 2.080986 
0.188366 2.081379 
0.188627 2.081751 
0.189119 2.082298 
0.189544 2.082598 
0.189662 2.082959 
0.190139 2.083409 
0.190318 2.083451 
0.190793 2.084089 
0.191025 2.084196 
0.191497 2.084735 
0.191762 2.084999 
0.192131 2.085509 
0.192397 2.085722 
0.192811 2.086071 
0.193079 2.086414 
0.193540 2.086734 
0.193765 2.087255 
0.194263 2.087489 
0.194787 2.088128 
0.195087 2.088411 
0.195485 2.088815 
0.195714 2.089162 
0.196143 2.089829 
0.196328 2.089982 
0.196821 2.090324 
0.197116 2.090599 
0.197601 2.091273 
0.197812 2.091358 
0.198230 2.091835 
0.198466 2.092172 
0.198896 2.092482 
0.199249 2.092899 
0.199597 2.093285 
0.200149 2.093801 
0.200456 2.094159 
0.200759 2.094507 
0.201082 2.094860 
0.201373 2.095106 
0.201722 2.095528 
0.202240 2.096055 
0.202563 2.096410 
0.202724 2.096510 
0.203075 2.096860 
0.203579 2.097476 
0.203831 2.097724 
0.204145 2.098057 
0.204410 2.098286 
0.204702 2.098649 
0.205067 2.099031 
0.205561 2.099540 
0.205991 2.100052 
0.206172 2.100128 
0.206631 2.100701 
0.206958 2.101068 
0.207229 2.101425 
0.207734 2.101733 
0.207984 2.102104 
0.208290 2.102328 
0.208660 2.102686 
0.208936 2.103103 
0.209310 2.103456 
0.209670 2.103826 
0.210038 2.104188 
0.210400 2.104557 
0.210732 2.104932 
0.211099 2.105312 
0.211458 2.105651 
0.211842 2.105972 
0.212162 2.106381 
0.212509 2.106736 
0.212859 2.107120 
0.213200 2.107499 
0.213536 2.107853 
0.213902 2.108215 
0.214301 2.108551 
0.214715 2.108900 
0.215066 2.109267 
0.215344 2.109700 
0.215656 2.110069 
0.216001 2.110425 
0.216357 2.110753 
0.216682 2.111121 
0.217036 2.111467 
0.217367 2.111810 
0.217661 2.112170 
0.217997 2.112473 
0.218316 2.112848 
0.218652 2.113185 
0.219014 2.113537 
0.219352 2.113903 
0.219730 2.114269 
0.220179 2.114771 
0.220425 2.115044 
0.220740 2.115376 
0.221113 2.115748 
0.221481 2.116142 
0.221845 2.116541 
0.222304 2.117199 
0.222681 2.117682 
0.222969 2.117949 
0.223339 2.118105 
0.223648 2.118545 
0.224120 2.119135 
0.224355 2.119357 
0.224709 2.119703 
0.225220 2.120257 
0.225592 2.120595 
0.225937 2.121087 
0.226212 2.121119 
0.226491 2.121551 
0.227061 2.122176 
0.227287 2.122476 
0.227725 2.122911 
0.227928 2.123055 
0.228334 2.123500 
0.228633 2.123786 
0.229049 2.124115 
0.229446 2.124403 
0.229988 2.124846 
0.230074 2.125186 
0.230287 2.125724 
0.230618 2.126082 
0.231013 2.126373 
0.231416 2.126669 
0.231806 2.127371 
0.232165 2.127776 
0.232532 2.128072 
0.232833 2.128371 
0.233120 2.128523 
0.233377 2.128914 
0.233804 2.129246 
0.234310 2.129891 
0.234452 2.130036 
0.234854 2.130368 
0.235331 2.130934 
0.235728 2.131323 
0.236070 2.131736 
0.236295 2.131818 
0.236709 2.132335 
0.237040 2.132695 
0.237349 2.133068 
0.237668 2.133309 
0.238030 2.133678 
0.238396 2.134058 
0.238743 2.134395 
0.239117 2.134765 
0.239469 2.135132 
0.239847 2.135495 
0.240196 2.135881 
0.240549 2.136228 
0.240906 2.136603 
0.241271 2.136985 
0.241600 2.137314 
0.241962 2.137700 
0.242306 2.138093 
0.242677 2.138466 
0.243027 2.138835 
0.243352 2.139169 
0.243690 2.139520 
0.244022 2.139879 
0.244369 2.140217 
0.244684 2.140581 
0.245025 2.140946 
0.245359 2.141285 
0.245676 2.141579 
0.245986 2.141900 
0.246306 2.142275 
0.246655 2.142611 
0.247005 2.142979 
0.247349 2.143356 
0.247712 2.143740 
0.248067 2.144119 
0.248427 2.144473 
0.248785 2.144831 
0.249155 2.145187 
0.249460 2.145685 
0.250003 2.146279 
0.250390 2.146548 
0.250598 2.146922 
0.250955 2.147197 
0.251310 2.147592 
0.251649 2.147957 
0.252179 2.148554 
0.252625 2.148893 
0.252765 2.149190 
0.253250 2.149713 
0.253694 2.149801 
0.253942 2.150275 
0.254411 2.150632 
0.254583 2.150838 
0.254989 2.151179 
0.255334 2.151758 
0.255819 2.152179 
0.256141 2.152585 
0.256332 2.152696 
0.256938 2.153206 
0.257119 2.153534 
0.257609 2.154151 
0.257796 2.154199 
0.258229 2.154911 
0.258611 2.155235 
0.258934 2.155641 
0.259270 2.155739 
0.259466 2.156099 
0.259787 2.156473 
0.260125 2.156806 
0.260579 2.157455 
0.260929 2.157823 
0.261130 2.157922 
0.261490 2.158226 
0.261878 2.158761 
0.262173 2.159052 
0.262589 2.159618 
0.262936 2.159939 
0.263263 2.160373 
0.263543 2.160481 
0.263882 2.160948 
0.264222 2.161280 
0.264592 2.161653 
0.264933 2.162017 
0.265283 2.162401 
0.265669 2.162770 
0.266052 2.163129 
0.266405 2.163544 
0.266769 2.163908 
0.267141 2.164281 
0.267514 2.164651 
0.267875 2.165021 
0.268231 2.165399 
0.268576 2.165756 
0.268897 2.166180 
0.269278 2.166540 
0.269588 2.166879 
0.269953 2.167261 
0.270281 2.167658 
0.270649 2.168018 
0.270998 2.168389 
0.271334 2.168740 
0.271674 2.169105 
0.271998 2.169457 
0.272339 2.169805 
0.272662 2.170142 
0.273024 2.170477 
0.273295 2.170902 
0.273569 2.171288 
0.273921 2.171534 
0.274261 2.171884 
0.274586 2.172252 
0.274983 2.172574 
0.275331 2.173011 
0.275918 2.173293 
0.276088 2.173991 
0.276585 2.174108 
0.276742 2.174570 
0.277234 2.175132 
0.277610 2.175568 
0.277920 2.175940 
0.278194 2.176225 
0.278679 2.176444 
0.278900 2.176834 
0.279401 2.177520 
0.279597 2.177608 
0.280087 2.178191 
0.280502 2.178606 
0.280635 2.178712 
0.281001 2.179043 
0.281481 2.179690 
0.281883 2.180071 
0.282278 2.180311 
0.282439 2.180564 
0.282876 2.180847 
0.283124 2.181370 
0.283649 2.181974 
0.284035 2.182309 
0.284370 2.182497 
0.284734 2.182929 
0.284973 2.183145 
0.285434 2.183835 
0.285634 2.183967 
0.286130 2.184559 
0.286443 2.184876 
0.286780 2.185296 
0.287054 2.185344 
0.287333 2.185759 
0.287815 2.186319 
0.288084 2.186577 
0.288446 2.186963 
0.288692 2.187235 
0.289011 2.187494 
0.289345 2.187868 
0.289686 2.188264 
0.290224 2.188833 
0.290488 2.189217 
0.290819 2.189374 
0.291090 2.189715 
0.291615 2.190352 
0.291995 2.190645 
0.292321 2.191080 
0.292562 2.191223 
0.293008 2.191816 
0.293451 2.192159 
0.293655 2.192422 
0.294127 2.192995 
0.294388 2.193298 
0.294755 2.193662 
0.295120 2.193839 
0.295464 2.194351 
0.295726 2.194670 
0.296136 2.195059 
0.296470 2.195330 
0.296827 2.195689 
0.297154 2.196087 
0.297468 2.196420 
0.297851 2.196776 
0.298220 2.197153 
0.298576 2.197563 
0.298930 2.197909 
0.299262 2.198250 
0.299603 2.198597 
0.299927 2.198967 
0.300263 2.199303 
0.300598 2.199675 
0.300942 2.200034 
0.301281 2.200383 
0.301580 2.200704 
0.301906 2.201052 
0.302250 2.201429 
0.302597 2.201769 
0.302966 2.202144 
0.303304 2.202528 
0.303660 2.202889 
0.304027 2.203267 
0.304378 2.203616 
0.304707 2.204013 
0.305069 2.204383 
0.305434 2.204780 
0.305824 2.205145 
0.306185 2.205499 
0.306533 2.205903 
0.306924 2.206248 
0.307237 2.206684 
0.307731 2.207380 
0.308090 2.207550 
0.308512 2.208057 
0.308677 2.208186 
0.309074 2.208744 
0.309571 2.209065 
0.309689 2.209359 
0.310204 2.209992 
0.310563 2.210146 
0.311000 2.210598 
0.311156 2.210859 
0.311545 2.211376 
0.311870 2.211592 
0.312217 2.212082 
0.312558 2.212380 
0.313014 2.212923 
0.313282 2.213116 
0.313629 2.213488 
0.314059 2.213968 
0.314369 2.214321 
0.314714 2.214511 
0.315110 2.215019 
0.315299 2.215302 
0.315597 2.215573 
0.315936 2.215939 
0.316380 2.216567 
0.316778 2.216937 
0.317117 2.217287 
0.317323 2.217361 
0.317890 2.217923 
0.318008 2.218119 
0.318476 2.218664 
0.318796 2.218987 
0.319066 2.219278 
0.319385 2.219639 
0.319753 2.220050 
0.320292 2.220651 
0.320592 2.221020 
0.320854 2.221101 
0.321212 2.221526 
0.321555 2.221852 
0.321963 2.222345 
0.322453 2.222775 
0.322740 2.223213 
0.323018 2.223341 
0.323363 2.223733 
0.323781 2.224296 
0.324087 2.224638 
0.324520 2.225029 
0.324903 2.225487 
0.325080 2.225550 
0.325444 2.225848 
0.325915 2.226457 
0.326160 2.226648 
0.326505 2.227040 
0.326839 2.227413 
0.327171 2.227736 
0.327497 2.228122 
0.327969 2.228678 
0.328352 2.229119 
0.328559 2.229192 
0.329019 2.229816 
0.329405 2.230116 
0.329700 2.230322 
0.329866 2.230604 
0.330233 2.230880 
0.330656 2.231504 
0.330879 2.231657 
0.331226 2.232063 
0.331577 2.232397 
0.331934 2.232789 
0.332417 2.233398 
0.332651 2.233483 
0.333023 2.233856 
0.333360 2.234259 
0.333701 2.234707 
0.334049 2.235060 
0.334556 2.235654 
0.334840 2.235791 
0.335228 2.236175 
0.335557 2.236572 
0.335899 2.237018 
0.336445 2.237626 
0.336704 2.238017 
0.337064 2.238287 
0.337457 2.238614 
0.337744 2.238831 
0.338212 2.239495 
0.338528 2.239690 
0.338986 2.240147 
0.339168 2.240372 
0.339677 2.240945 
0.339980 2.241462 
0.340227 2.241482 
0.340606 2.242081 
0.341011 2.242322 
0.341278 2.242618 
0.341678 2.242968 
0.341913 2.243374 
0.342377 2.244078 
0.342688 2.244178 
0.343034 2.244467 
0.343213 2.244847 
0.343638 2.245045 
0.343939 2.245464 
0.344254 2.245846 
0.344774 2.246371 
0.345128 2.246852 
0.345530 2.246998 
0.345849 2.247527 
0.346128 2.247788 
0.346467 2.248256 
0.346738 2.248393 
0.347110 2.248867 
0.347632 2.249406 
0.347876 2.249682 
0.348214 2.249881 
0.348554 2.250263 
0.348949 2.250790 
0.349312 2.251122 
0.349781 2.251632 
0.349972 2.251896 
0.350399 2.252430 
0.350629 2.252472 
0.351021 2.252817 
0.351317 2.253309 
0.351717 2.253795 
0.352121 2.254139 
0.352490 2.254567 
0.352733 2.254657 
0.353061 2.255073 
0.353531 2.255598 
0.353919 2.256116 
0.354340 2.256338 
0.354540 2.256674 
0.354989 2.257228 
0.355169 2.257288 
0.355718 2.257874 
0.355957 2.258157 
0.356323 2.258673 
0.356696 2.258788 
0.356966 2.259266 
0.357323 2.259658 
0.357487 2.259722 
0.357984 2.260381 
0.358209 2.260630 
0.358564 2.261059 
0.358905 2.261187 
0.359171 2.261568 
0.359699 2.262117 
0.359871 2.262253 
0.360379 2.262846 
0.360697 2.263275 
0.361080 2.263445 
0.361319 2.263813 
0.361691 2.264117 
0.362037 2.264524 
0.362573 2.265112 
0.362863 2.265477 
0.363259 2.266003 
0.363532 2.266036 
0.363918 2.266609 
0.364429 2.267112 
0.364720 2.267477 
0.365133 2.267690 
0.365316 2.267998 
0.365818 2.268616 
0.366031 2.268732 
0.366350 2.269109 
0.366858 2.269667 
0.367148 2.270015 
0.367509 2.270352 
0.367835 2.270600 
0.368299 2.271184 
0.368533 2.271541 
0.368913 2.271716 
0.369182 2.272111 
0.369511 2.272508 
0.369886 2.272790 
0.370199 2.273192 
0.370721 2.273765 
0.371006 2.274002 
0.371297 2.274282 
0.371703 2.274877 
0.372107 2.275189 
0.372383 2.275607 
0.372717 2.275710 
0.373010 2.275987 
0.373303 2.276432 
0.373814 2.277054 
0.374097 2.277311 
0.374457 2.277732 
0.374721 2.277897 
0.375065 2.278324 
0.375607 2.278887 
0.375912 2.279283 
0.376234 2.279436 
0.376514 2.279763 
0.376786 2.280187 
0.377268 2.280729 
0.377760 2.281007 
0.378023 2.281527 
0.378286 2.281575 
0.378782 2.282148 
0.378963 2.282358 
0.379316 2.282739 
0.379719 2.283204 
0.380147 2.283635 
0.380493 2.284145 
0.380876 2.284280 
0.381176 2.284767 
0.381547 2.285191 
0.381790 2.285385 
0.382138 2.285687 
0.382503 2.286171 
0.382993 2.286737 
0.383319 2.287002 
0.383661 2.287449 
0.383873 2.287464 
0.384312 2.288099 
0.384630 2.288444 
0.384852 2.288530 
0.385314 2.289169 
0.385491 2.289383 
0.385864 2.289687 
0.386123 2.290010 
0.386427 2.290270 
0.386794 2.290616 
0.387151 2.291092 
0.387650 2.291577 
0.387965 2.291925 
0.388322 2.292336 
0.388578 2.292459 
0.389005 2.293061 
0.389273 2.293287 
0.389659 2.293658 
0.390009 2.294025 
0.390369 2.294447 
0.390881 2.295000 
0.391274 2.295496 
0.391678 2.295689 
0.391912 2.296063 
0.392389 2.296613 
0.392677 2.296913 
0.393079 2.297327 
0.393383 2.297691 
0.393639 2.297782 
0.393970 2.298244 
0.394267 2.298582 
0.394671 2.298994 
0.395022 2.299327 
0.395469 2.299867 
0.395727 2.300074 
0.396070 2.300451 
0.396620 2.301037 
0.396938 2.301482 
0.397391 2.301694 
0.397627 2.302133 
0.398040 2.302432 
0.398270 2.302491 
0.398523 2.303006 
0.398910 2.303545 
0.399219 2.303732 
0.399530 2.304087 
0.399896 2.304515 
0.400377 2.305027 
0.400559 2.305133 
0.400951 2.305462 
0.401238 2.305881 
0.401586 2.306337 
0.402043 2.306797 
0.402338 2.307154 
0.402810 2.307492 
0.403037 2.307825 
0.403480 2.308303 
0.403757 2.308618 
0.404160 2.309066 
0.404423 2.309215 
0.404774 2.309734 
0.405227 2.310333 
0.405571 2.310457 
0.405902 2.310716 
0.406391 2.311418 
0.406577 2.311502 
0.407119 2.312181 
0.407413 2.312558 
0.407701 2.312826 
0.408047 2.312980 
0.408367 2.313355 
0.408712 2.313764 
0.409072 2.314135 
0.409513 2.314700 
0.409855 2.315248 
0.410264 2.315501 
0.410601 2.315956 
0.411001 2.316188 
0.411110 2.316378 
0.411633 2.316949 
0.411832 2.316981 
0.412279 2.317658 
0.412487 2.317678 
0.412852 2.318211 
0.413245 2.318623 
0.413491 2.318895 
0.413897 2.319339 
0.414109 2.319440 
0.414490 2.319951 
0.414973 2.320409 
0.415199 2.320726 
0.415469 2.320983 
0.415869 2.321318 
0.416242 2.321654 
0.416563 2.322163 
0.416882 2.322420 
0.417282 2.322806 
0.417790 2.323416 
0.418187 2.323753 
0.418536 2.324088 
0.418823 2.324408 
0.419121 2.324677 
0.419501 2.325275 
0.419789 2.325491 
0.420194 2.325969 
0.420607 2.326353 
0.421019 2.326890 
0.421363 2.327200 
0.421700 2.327602 
0.421976 2.327614 
0.422268 2.328044 
0.422698 2.328591 
0.423043 2.328814 
0.423319 2.329199 
0.423689 2.329574 
0.424046 2.329966 
0.424418 2.330354 
0.424927 2.330945 
0.425299 2.331265 
0.425495 2.331488 
0.425863 2.331748 
0.426219 2.332344 
0.426466 2.332531 
0.426892 2.333084 
0.427273 2.333529 
0.427515 2.333554 
0.427909 2.334082 
0.428212 2.334428 
0.428521 2.334665 
0.429025 2.335230 
0.429248 2.335451 
0.429688 2.336000 
0.429902 2.336096 
0.430251 2.336518 
0.430587 2.336837 
0.430952 2.337202 
0.431415 2.337753 
0.431654 2.337969 
0.432018 2.338334 
0.432377 2.338708 
0.432721 2.339049 
0.433096 2.339434 
0.433468 2.339824 
0.433837 2.340201 
0.434202 2.340581 
0.434545 2.340958 
0.434916 2.341332 
0.435259 2.341726 
0.435627 2.342070 
0.435964 2.342439 
0.436300 2.342826 
0.436638 2.343176 
0.437009 2.343517 
0.437322 2.343867 
0.437687 2.344232 
0.438033 2.344622 
0.438413 2.345000 
0.438743 2.345378 
0.439074 2.345721 
0.439416 2.346067 
0.439766 2.346418 
0.440107 2.346781 
0.440443 2.347135 
0.440782 2.347518 
0.441121 2.347866 
0.441520 2.348423 
0.441833 2.348722 
0.442174 2.349169 
0.442444 2.349478 
0.442810 2.349690 
0.443122 2.350057 
0.443478 2.350435 
0.443827 2.350805 
0.444172 2.351180 
0.444645 2.351752 
0.445017 2.352209 
0.445320 2.352202 
0.445749 2.352883 
0.446123 2.353235 
0.446453 2.353681 
0.446687 2.353801 
0.447063 2.354167 
0.447559 2.354826 
0.447752 2.354936 
0.448309 2.355596 
0.448517 2.355820 
0.448804 2.356087 
0.449184 2.356416 
0.449500 2.356828 
0.450068 2.357423 
0.450282 2.357741 
0.450650 2.357915 
0.450956 2.358395 
0.451454 2.359017 
0.451705 2.359063 
0.452068 2.359533 
0.452393 2.359817 
0.452758 2.360299 
0.453296 2.360818 
0.453435 2.361015 
0.453775 2.361279 
0.454111 2.361751 
0.454608 2.362223 
0.454760 2.362405 
0.455162 2.362651 
0.455576 2.363034 
0.455750 2.363506 
0.456074 2.363706 
0.456458 2.364062 
0.456856 2.364636 
0.457149 2.364880 
0.457669 2.365538 
0.457947 2.365685 
0.458221 2.365852 
0.458488 2.366366 
0.458947 2.366941 
0.459244 2.367009 
0.459588 2.367436 
0.460126 2.368089 
0.460390 2.368354 
0.460732 2.368699 
0.461064 2.368957 
0.461388 2.369293 
0.461763 2.369779 
0.462235 2.370386 
0.462429 2.370460 
0.462804 2.370778 
0.463404 2.371329 
0.463536 2.371605 
0.463942 2.372099 
0.464252 2.372268 
0.464517 2.372651 
0.464874 2.373009 
0.465232 2.373334 
0.465604 2.373689 
0.465980 2.374088 
0.466347 2.374468 
0.466679 2.374842 
0.467016 2.375178 
0.467354 2.375512 
0.467719 2.375877 
0.468027 2.376250 
0.468380 2.376615 
0.468737 2.376940 
0.469073 2.377292 
0.469386 2.377627 
0.469727 2.377941 
0.470046 2.378317 
0.470377 2.378659 
0.470754 2.379009 
0.471087 2.379399 
0.471432 2.379774 
0.471814 2.380148 
0.472160 2.380506 
0.472497 2.380857 
0.472765 2.381371 
0.473343 2.381953 
0.473623 2.382297 
0.473971 2.382601 
0.474300 2.382880 
0.474633 2.383238 
0.475130 2.383962 
0.475374 2.383967 
0.475702 2.384417 
0.476182 2.384642 
0.476394 2.385215 
0.476944 2.385817 
0.477339 2.386156 
0.477690 2.386422 
0.477912 2.386696 
0.478295 2.386951 
0.478632 2.387521 
0.478954 2.387775 
0.479298 2.388153 
0.479657 2.388576 
0.480117 2.389065 
0.480475 2.389490 
0.480804 2.389650 
0.481165 2.390187 
0.481406 2.390402 
0.481759 2.390731 
0.482247 2.391352 
0.482525 2.391613 
0.482799 2.391883 
0.483114 2.392164 
0.483430 2.392493 
0.483788 2.392969 
0.484164 2.393368 
0.484510 2.393743 
0.484974 2.394193 
0.485286 2.394579 
0.485694 2.394783 
0.485919 2.395052 
0.486278 2.395609 
0.486722 2.396068 
0.486999 2.396385 
0.487270 2.396471 
0.487704 2.397062 
0.488050 2.397539 
0.488364 2.397701 
0.488680 2.398015 
0.489016 2.398402 
0.489371 2.398763 
0.489737 2.399127 
0.490101 2.399475 
0.490453 2.399840 
0.490805 2.400205 
0.491160 2.400584 
0.491534 2.400937 
0.491879 2.401293 
0.492196 2.401691 
0.492570 2.402025 
0.492938 2.402403 
0.493265 2.402751 
0.493631 2.403100 
0.493987 2.403524 
0.494347 2.403914 
0.494702 2.404276 
0.495025 2.404647 
0.495375 2.404981 
0.495712 2.405350 
0.496056 2.405692 
0.496399 2.406052 
0.496817 2.406633 
0.497205 2.407050 
0.497465 2.407287 
0.497728 2.407657 
0.498053 2.407805 
0.498331 2.408220 
0.498657 2.408519 
0.499004 2.408908 
0.499507 2.409507 
0.499805 2.409743 
0.500126 2.409983 
0.500591 2.410379 
0.500813 2.410956 
0.501227 2.411439 
0.501638 2.411404 
0.502111 2.411975 
0.502280 2.412489 
0.502700 2.412643 
0.502975 2.413096 
0.503347 2.413451 
0.503703 2.413863 
0.504102 2.414231 
0.504466 2.414579 
0.504802 2.414949 
0.505166 2.415332 
0.505534 2.415691 
0.505903 2.416067 
0.506243 2.416432 
0.506601 2.416824 
0.506958 2.417216 
0.507307 2.417569 
0.507665 2.417943 
0.508016 2.418291 
0.508389 2.418680 
0.508726 2.419083 
0.509095 2.419424 
0.509438 2.419784 
0.509765 2.420135 
0.510105 2.420516 
0.510449 2.420875 
0.510807 2.421233 
0.511159 2.421580 
0.511482 2.421901 
0.511805 2.422290 
0.512131 2.422640 
0.512486 2.423002 
0.512866 2.423344 
0.513141 2.423798 
0.513668 2.424499 
0.513986 2.424709 
0.514278 2.425037 
0.514612 2.425292 
0.514898 2.425663 
0.515432 2.426287 
0.515692 2.426541 
0.515988 2.426798 
0.516334 2.427121 
0.516824 2.427721 
0.517053 2.427864 
0.517382 2.428260 
0.517875 2.428841 
0.518242 2.429319 
0.518652 2.429420 
0.518792 2.429754 
0.519306 2.430370 
0.519618 2.430774 
0.519979 2.430891 
0.520214 2.431196 
0.520581 2.431608 
0.520931 2.432027 
0.521391 2.432567 
0.521816 2.432950 
0.522162 2.433189 
0.522373 2.433493 
0.522757 2.433730 
0.523052 2.434292 
0.523512 2.434865 
0.523731 2.434837 
0.524077 2.435160 
0.524343 2.435624 
0.524842 2.436280 
0.525025 2.436403 
0.525418 2.436712 
0.525632 2.437046 
0.526119 2.437515 
0.526329 2.437600 
0.526794 2.438183 
0.527022 2.438347 
0.527392 2.438805 
0.527722 2.439117 
0.528199 2.439750 
0.528442 2.439825 
0.528777 2.440213 
0.529106 2.440661 
0.529528 2.440998 
0.529881 2.441396 
0.530232 2.441797 
0.530741 2.442404 
0.531142 2.442805 
0.531347 2.442897 
0.531694 2.443304 
0.532178 2.443944 
0.532395 2.444072 
0.532923 2.444704 
0.533193 2.444945 
0.533578 2.445468 
0.533814 2.445552 
0.534188 2.446005 
0.534580 2.446450 
0.534930 2.446836 
0.535271 2.447031 
0.535564 2.447427 
0.535978 2.447961 
0.536418 2.448357 
0.536744 2.448724 
0.537101 2.449118 
0.537356 2.449463 
0.537853 2.449968 
0.538035 2.450194 
0.538535 2.450694 
0.538625 2.450876 
0.539145 2.451250 
0.539362 2.451530 
0.539767 2.451992 
0.539994 2.452222 
0.540406 2.452623 
0.540954 2.453111 
0.541253 2.453346 
0.541589 2.453768 
0.541834 2.453990 
0.542156 2.454347 
0.542497 2.454726 
0.542861 2.455060 
0.543209 2.455446 
0.543584 2.455831 
0.543935 2.456198 
0.544299 2.456564 
0.544637 2.456915 
0.545006 2.457291 
0.545367 2.457660 
0.545722 2.458073 
0.546070 2.458461 
0.546438 2.458821 
0.546795 2.459212 
0.547155 2.459585 
0.547523 2.459963 
0.547880 2.460321 
0.548232 2.460720 
0.548570 2.461088 
0.548936 2.461450 
0.549261 2.461785 
0.549609 2.462156 
0.549965 2.462550 
0.550343 2.462913 
0.550678 2.463284 
0.551019 2.463615 
0.551333 2.463981 
0.551655 2.464353 
0.551992 2.464688 
0.552328 2.465041 
0.552667 2.465409 
0.553004 2.465743 
0.553288 2.466201 
0.553597 2.466523 
0.553952 2.466951 
0.554391 2.467420 
0.554783 2.467814 
0.555062 2.468247 
0.555438 2.468408 
0.555750 2.468643 
0.556214 2.469296 
0.556618 2.469572 
0.556733 2.469789 
0.557080 2.470194 
0.557624 2.470787 
0.557810 2.470973 
0.558254 2.471231 
0.558512 2.471741 
0.558900 2.472124 
0.559271 2.472464 
0.559702 2.473010 
0.560182 2.473455 
0.560446 2.473837 
0.560743 2.473940 
0.561047 2.474353 
0.561554 2.474947 
0.561746 2.475075 
0.562077 2.475435 
0.562628 2.476049 
0.562952 2.476489 
0.563371 2.476643 
0.563512 2.476959 
0.563946 2.477449 
0.564432 2.477936 
0.564778 2.478394 
0.565183 2.478553 
0.565326 2.478830 
0.565804 2.479464 
0.566028 2.479480 
0.566412 2.480003 
0.566777 2.480369 
0.567087 2.480774 
0.567388 2.480939 
0.567837 2.481510 
0.568104 2.481805 
0.568416 2.482124 
0.568730 2.482508 
0.569026 2.482696 
0.569554 2.483362 
0.569769 2.483440 
0.570189 2.484002 
0.570602 2.484486 
0.570776 2.484536 
0.571259 2.485094 
0.571461 2.485343 
0.571858 2.485697 
0.572230 2.486053 
0.572562 2.486395 
0.572950 2.486778 
0.573323 2.487149 
0.573681 2.487522 
0.574036 2.487901 
0.574389 2.488300 
0.574761 2.488671 
0.575126 2.489036 
0.575512 2.489389 
0.575839 2.489770 
0.576182 2.490115 
0.576531 2.490500 
0.576891 2.490856 
0.577228 2.491191 
0.577575 2.491562 
0.577937 2.491949 
0.578280 2.492360 
0.578652 2.492714 
0.578983 2.493060 
0.579317 2.493380 
0.579655 2.493764 
0.580016 2.494085 
0.580343 2.494433 
0.580686 2.494810 
0.580950 2.495245 
0.581407 2.495771 
0.581672 2.496086 
0.582007 2.496255 
0.582310 2.496620 
0.582808 2.497276 
0.582996 2.497359 
0.583370 2.497728 
0.583717 2.498117 
0.584058 2.498478 
0.584554 2.499088 
0.584929 2.499439 
0.585262 2.499812 
0.585505 2.500058 
0.585872 2.500368 
0.586293 2.500859 
0.586684 2.501288 
0.587094 2.501830 
0.587581 2.502044 
0.587708 2.502362 
0.588055 2.502650 
0.588374 2.503093 
0.588683 2.503398 
0.589202 2.503926 
0.589521 2.504269 
0.589830 2.504608 
0.590162 2.504882 
0.590724 2.505569 
0.591043 2.505946 
0.591418 2.506128 
0.591645 2.506460 
0.591965 2.506819 
0.592345 2.507181 
0.592728 2.507520 
0.593094 2.507885 
0.593421 2.508233 
0.593754 2.508572 
0.594080 2.508924 
0.594426 2.509263 
0.594785 2.509619 
0.595112 2.509933 
0.595451 2.510282 
0.595782 2.510609 
0.596102 2.510966 
0.596561 2.511576 
0.596933 2.512032 
0.597190 2.512105 
0.597529 2.512521 
0.597865 2.512808 
0.598182 2.513170 
0.598723 2.513716 
0.599053 2.514129 
0.599300 2.514216 
0.599837 2.514852 
0.600122 2.515157 
0.600463 2.515503 
0.600751 2.515737 
0.601102 2.516069 
0.601473 2.516425 
0.601832 2.516865 
0.602385 2.517396 
0.602667 2.517654 
0.602967 2.518040 
0.603312 2.518213 
0.603714 2.518780 
0.603989 2.518997 
0.604345 2.519322 
0.604728 2.519663 
0.605101 2.520018 
0.605443 2.520328 
0.605819 2.520677 
0.606203 2.521032 
0.606577 2.521402 
0.606935 2.521742 
0.607281 2.522083 
0.607635 2.522412 
0.607993 2.522752 
0.608340 2.523090 
0.608702 2.523459 
0.609060 2.523799 
0.609409 2.524168 
0.609725 2.524464 
0.610055 2.524775 
0.610412 2.525117 
0.610751 2.525449 
0.611133 2.525807 
0.611489 2.526152 
0.611865 2.526500 
0.612243 2.526847 
0.612609 2.527177 
0.612965 2.527537 
0.613341 2.527869 
0.613738 2.528224 
0.614131 2.528585 
0.614492 2.528937 
0.614882 2.529285 
0.615269 2.529636 
0.615653 2.529992 
0.616054 2.530342 
0.616436 2.530699 
0.616799 2.531117 
0.617328 2.531647 
0.617636 2.531903 
0.618020 2.532241 
0.618366 2.532430 
0.618706 2.532827 
0.619101 2.533117 
0.619733 2.533693 
0.619898 2.533856 
0.620393 2.534248 
0.620889 2.534704 
0.621167 2.534968 
0.621499 2.535157 
0.621819 2.535465 
0.622331 2.535931 
0.622547 2.536195 
0.622920 2.536447 
0.623329 2.536717 
0.623623 2.537078 
0.624060 2.537430 
0.624644 2.537766 
0.624977 2.538021 
0.625286 2.538311 
0.625587 2.538542 
0.625917 2.538888 
0.626316 2.539155 
0.626700 2.539459 
0.627126 2.539775 
0.627541 2.540088 
0.627926 2.540375 
0.628327 2.540690 
0.628715 2.540990 
0.629136 2.541313 
0.629540 2.541625 
0.629937 2.541945 
0.630339 2.542243 
0.630723 2.542532 
0.631119 2.542836 
0.631530 2.543138 
0.631938 2.543444 
0.632346 2.543750 
0.632747 2.544050 
0.633132 2.544386 
0.633727 2.544978 
0.634124 2.545095 
0.634329 2.545240 
0.634897 2.545632 
0.635093 2.545804 
0.635619 2.546203 
0.635999 2.546462 
0.636360 2.546766 
0.636814 2.546991 
0.637134 2.547417 
0.637577 2.547675 
0.638163 2.548061 
0.638561 2.548280 
0.638837 2.548511 
0.639174 2.548727 
0.639555 2.549021 
0.639961 2.549312 
0.640330 2.549587 
0.640700 2.549844 
0.641068 2.550084 
0.641465 2.550355 
0.641858 2.550615 
0.642295 2.550882 
0.642705 2.551150 
0.643140 2.551421 
0.643548 2.551693 
0.643980 2.551966 
0.644398 2.552242 
0.644981 2.552446 
0.645341 2.552665 
0.645761 2.553021 
0.646246 2.553323 
0.646717 2.553426 
0.647133 2.554026 
0.647825 2.554028 
0.647944 2.554509 
0.648421 2.554736 
0.648929 2.554975 
0.649293 2.555239 
0.649992 2.555606 
0.650343 2.555888 
0.650735 2.556063 
0.651089 2.556326 
0.651502 2.556557 
0.651926 2.556857 
0.652402 2.557122 
0.652832 2.557364 
0.653289 2.557620 
0.653716 2.557867 
0.654165 2.558134 
0.654611 2.558371 
0.655057 2.558626 
0.655473 2.558870 
0.655871 2.559106 
0.656309 2.559338 
0.656769 2.559572 
0.657214 2.559795 
0.657922 2.559997 
0.658300 2.560327 
0.658677 2.560370 
0.659211 2.560723 
0.659361 2.560909 
0.660083 2.561192 
0.660322 2.561290 
0.660912 2.561670 
0.661270 2.561755 
0.661770 2.562089 
0.662210 2.562149 
0.662596 2.562536 
0.663328 2.562890 
0.663660 2.562912 
0.664275 2.563290 
0.664537 2.563388 
0.665034 2.563778 
0.665499 2.563803 
0.665970 2.564244 
0.666250 2.564334 
0.667094 2.564638 
0.667340 2.564811 
0.667956 2.565018 
0.668093 2.565271 
0.668628 2.565405 
0.669075 2.565657 
0.669533 2.565846 
0.670005 2.566047 
0.670446 2.566308 
0.670856 2.566527 
0.671313 2.566750 
0.671796 2.566987 
0.672286 2.567200 
0.672747 2.567416 
0.673222 2.567580 
0.673630 2.567802 
0.674123 2.567974 
0.674557 2.568195 
0.675022 2.568339 
0.675477 2.568565 
0.675901 2.568765 
0.676660 2.568846 
0.676923 2.569129 
0.677458 2.569263 
0.677752 2.569352 
0.678177 2.569600 
0.678699 2.569718 
0.679181 2.569924 
0.679880 2.570206 
0.680126 2.570344 
0.680550 2.570611 
0.681164 2.570653 
0.681677 2.570832 
0.682154 2.571080 
0.682637 2.571299 
0.683510 2.571447 
0.683931 2.571599 
0.684130 2.572004 
0.684756 2.571930 
0.685287 2.572119 
0.685760 2.572354 
0.686516 2.572490 
0.686692 2.572723 
0.687264 2.572840 
0.687734 2.573044 
0.688397 2.573172 
0.688734 2.573355 
0.689495 2.573518 
0.689773 2.573765 
0.690296 2.573796 
0.690750 2.574090 
0.691299 2.574188 
0.692209 2.574350 
0.692713 2.574527 
0.693198 2.574660 
0.693350 2.574825 
0.694144 2.574943 
0.694556 2.575092 
0.694830 2.575394 
0.695422 2.575365 
0.695807 2.575600 
0.696320 2.575679 
0.696814 2.575817 
0.697264 2.575998 
0.697742 2.576192 
0.698302 2.576292 
0.698791 2.576453 
0.699311 2.576625 
0.699873 2.576720 
0.700350 2.576899 
0.700899 2.576997 
0.701379 2.577187 
0.701953 2.577251 
0.702467 2.577429 
0.703020 2.577520 
0.703533 2.577701 
0.704082 2.577748 
0.705047 2.577770 
0.705266 2.577893 
0.705741 2.578124 
0.706438 2.578019 
0.706884 2.578325 
0.707388 2.578466 
0.708247 2.578479 
0.708448 2.578731 
0.709062 2.578755 
0.709580 2.578878 
0.710464 2.578959 
0.710704 2.579037 
0.711047 2.579381 
0.712010 2.579186 
0.712228 2.579513 
0.712860 2.579497 
0.713746 2.579592 
0.714270 2.579723 
0.714685 2.579767 
0.714976 2.579860 
0.715442 2.580071 
0.716050 2.580021 
0.716553 2.580180 
0.717055 2.580275 
0.717515 2.580426 
0.718004 2.580486 
0.718561 2.580555 
0.719083 2.580638 
0.719642 2.580738 
0.720215 2.580804 
0.720793 2.580893 
0.721352 2.580995 
0.721962 2.581010 
0.722473 2.581158 
0.723101 2.581165 
0.723758 2.581166 
0.724499 2.581307 
0.724876 2.581468 
0.725326 2.581903 
0.726540 2.581198 
0.726973 2.581519 
0.727723 2.581547 
0.728391 2.581584 
0.728925 2.581684 
0.729211 2.581548 
0.730163 2.581569 
0.730503 2.581867 
0.731088 2.581780 
0.731661 2.581692 
0.732089 2.581869 
0.732971 2.581834 
0.733453 2.581855 
0.734291 2.581999 
0.734594 2.582007 
0.735511 2.581925 
0.735871 2.581958 
0.736619 2.582038 
0.737342 2.581948 
0.737771 2.581991 
0.738594 2.581985 
0.739236 2.581922 
0.739768 2.581923 
0.740415 2.581940 
0.741024 2.581869 
0.741578 2.581893 
0.742123 2.581893 
0.742752 2.581933 
0.743305 2.581957 
0.743968 2.581932 
0.744566 2.581912 
0.745196 2.581950 
0.745786 2.581974 
0.746341 2.582013 
0.746991 2.582023 
0.747603 2.582019 
0.748270 2.582005 
0.748857 2.582035 
0.749522 2.582059 
0.750107 2.582091 
0.750704 2.582121 
0.751356 2.582146 
0.751783 2.582139 
0.752429 2.582071 
0.753112 2.582019 
0.753960 2.582149 
0.754355 2.582118 
0.755110 2.582154 
0.755673 2.582047 
0.756132 2.582165 
0.756756 2.582161 
0.757364 2.582194 
0.758007 2.582163 
0.758514 2.582268 
0.759371 2.582282 
0.759811 2.582293 
0.760191 2.582568 
0.761137 2.582683 
0.761240 2.582797 
0.762246 2.582205 
0.762749 2.582381 
0.763304 2.582437 
0.764082 2.582188 
0.764652 2.582258 
0.765352 2.582116 
0.765945 2.582051 
0.766374 2.582244 
0.767013 2.582201 
0.767517 2.582328 
0.768188 2.582275 
0.768939 2.582114 
0.769639 2.582023 
0.770185 2.582158 
0.771197 2.582014 
0.771713 2.581834 
0.773399 2.580704 
0.773810 2.580686 
0.774225 2.580983 
0.774759 2.581135 
0.775345 2.581181 
0.775772 2.581495 
0.776462 2.581419 
0.777677 2.581132 
0.778399 2.581129 
0.779096 2.580957 
0.779261 2.581037 
0.780031 2.580816 
0.780578 2.580950 
0.781161 2.580985 
0.781998 2.580741 
0.782957 2.580297 
0.783522 2.580422 
0.784652 2.580068 
0.785197 2.579900 
0.785951 2.579701 
0.786315 2.580067 
0.787819 2.579167 
0.788395 2.579397 
0.788936 2.579066 
0.789384 2.579302 
0.789769 2.579588 
0.790150 2.579864 
0.790552 2.580162 
0.791074 2.580261 
0.791920 2.579886 
0.794104 2.578012 
0.794680 2.577735 
0.795621 2.577214 
0.796092 2.577401 
0.796911 2.577147 
0.798030 2.576908 
0.798506 2.576984 
0.799008 2.576892 
0.799776 2.576556 
0.800834 2.576011 
0.801569 2.575856 
0.802062 2.576030 
0.803522 2.575257 
0.804455 2.574883 
0.804883 2.574824 
0.805567 2.574672 
0.806466 2.574341 
0.807538 2.574031 
0.808438 2.573753 
0.809481 2.573093 
0.810123 2.572877 
0.810807 2.572725 
0.811342 2.572857 
0.812420 2.572590 
0.812835 2.572515 
0.813529 2.572381 
0.814925 2.571697 
0.815342 2.571619 
0.816230 2.571390 
0.817542 2.570600 
0.818282 2.570134 
0.818970 2.570092 
0.820229 2.569714 
0.820918 2.569435 
0.821249 2.569406 
0.821812 2.570649 
0.822523 2.570376 
0.822876 2.570205 
0.823502 2.569778 
0.824172 2.569563 
0.824529 2.569371 
0.825455 2.569070 
0.825872 2.568831 
0.826330 2.568666 
0.826866 2.568419 
0.827604 2.568058 
0.828155 2.567795 
0.828762 2.567527 
0.829708 2.567725 
0.830338 2.567278 
0.830173 2.566751 
0.831193 2.566642 
0.831565 2.566247 
0.832281 2.566132 
0.832687 2.565886 
0.833254 2.565619 
0.833856 2.565404 
0.834585 2.565206 
0.835005 2.564867 
0.835823 2.564368 
0.836249 2.564255 
0.836825 2.563893 
0.837581 2.563476 
0.837927 2.563256 
0.838692 2.562953 
0.839048 2.562694 
0.839775 2.562306 
0.840138 2.562028 
0.840777 2.561698 
0.841990 2.561884 
0.842262 2.561160 
0.842184 2.560898 
0.842622 2.560267 
0.843857 2.560442 
0.843865 2.559977 
0.844694 2.559707 
0.845036 2.559463 
0.845785 2.559019 
0.846277 2.558694 
0.846645 2.558507 
0.847099 2.558241 
0.847590 2.557915 
0.848111 2.557615 
0.848672 2.557357 
0.849112 2.557051 
0.849568 2.556717 
0.850060 2.556381 
0.850536 2.556080 
0.851004 2.555799 
0.851497 2.555507 
0.851988 2.555237 
0.852466 2.554882 
0.852986 2.554559 
0.853477 2.554267 
0.853959 2.553946 
0.854563 2.553476 
0.855446 2.553332 
0.855627 2.552920 
0.856310 2.552600 
0.856501 2.552404 
0.857034 2.552121 
0.857879 2.551524 
0.858036 2.551477 
0.858347 2.551107 
0.858911 2.550806 
0.859400 2.550479 
0.859823 2.550086 
0.860282 2.549743 
0.860645 2.549366 
0.861158 2.549050 
0.861532 2.548689 
0.862068 2.548362 
0.862496 2.548016 
0.863007 2.547689 
0.863482 2.547344 
0.863892 2.547010 
0.864355 2.546693 
0.864778 2.546345 
0.865228 2.545998 
0.865644 2.545634 
0.866077 2.545324 
0.866521 2.544997 
0.866934 2.544644 
0.867372 2.544325 
0.867724 2.543975 
0.868171 2.543638 
0.868588 2.543309 
0.868995 2.542996 
0.869364 2.542688 
0.869819 2.542400 
0.870542 2.541976 
0.870861 2.541788 
0.871088 2.541354 
0.871644 2.541083 
0.871988 2.540628 
0.872635 2.540133 
0.872838 2.539933 
0.873141 2.539569 
0.873590 2.539200 
0.874136 2.538789 
0.874467 2.538462 
0.874852 2.538106 
0.875277 2.537702 
0.875612 2.537310 
0.876478 2.536791 
0.876953 2.536389 
0.876826 2.536159 
0.877774 2.535680 
0.877658 2.535477 
0.878287 2.535052 
0.878864 2.534568 
0.879051 2.534336 
0.879310 2.534018 
0.879641 2.533647 
0.880270 2.533222 
0.880495 2.532942 
0.880822 2.532523 
0.881203 2.532109 
0.881570 2.531722 
0.881991 2.531328 
0.882331 2.530938 
0.882717 2.530583 
0.883100 2.530236 
0.883420 2.529870 
0.883800 2.529489 
0.884128 2.529116 
0.884498 2.528752 
0.884847 2.528400 
0.885154 2.528050 
0.885485 2.527689 
0.885834 2.527338 
0.886184 2.526953 
0.886569 2.526563 
0.886917 2.526189 
0.887267 2.525771 
0.887617 2.525408 
0.888008 2.525054 
0.888730 2.524486 
0.889136 2.524040 
0.889443 2.523678 
0.889413 2.523462 
0.889881 2.523091 
0.890216 2.522699 
0.890676 2.522269 
0.890937 2.521895 
0.891456 2.521383 
0.891882 2.520901 
0.892017 2.520679 
0.892314 2.520278 
0.892907 2.519713 
0.893259 2.519263 
0.893542 2.518979 
0.893789 2.518721 
0.893990 2.518285 
0.894313 2.517853 
0.894686 2.517536 
0.895025 2.517168 
0.895499 2.516610 
0.895925 2.516084 
0.895948 2.515895 
0.896549 2.515333 
0.896815 2.514951 
0.897099 2.514579 
0.897410 2.514152 
0.897638 2.513897 
0.897905 2.513583 
0.898081 2.513191 
0.898485 2.512843 
0.899023 2.512262 
0.898977 2.512060 
0.899320 2.511683 
0.899893 2.511030 
0.900049 2.510795 
0.900556 2.510174 
0.900491 2.509987 
0.901037 2.509453 
0.901402 2.509031 
0.901745 2.508621 
0.901849 2.508092 
0.902434 2.507723 
0.902330 2.507482 
0.902763 2.507060 
0.902983 2.506656 
0.903295 2.506231 
0.903609 2.505805 
0.903895 2.505378 
0.904199 2.504948 
0.904507 2.504509 
0.904765 2.504113 
0.905038 2.503679 
0.905351 2.503242 
0.905627 2.502798 
0.905912 2.502392 
0.906188 2.501971 
0.906478 2.501535 
0.906772 2.501111 
0.907055 2.500682 
0.907354 2.500227 
0.907655 2.499807 
0.907947 2.499360 
0.908211 2.498956 
0.908739 2.498346 
0.908790 2.498171 
0.909137 2.497650 
0.909465 2.497188 
0.909780 2.496686 
0.909780 2.496508 
0.910009 2.496130 
0.910287 2.495720 
0.910551 2.495338 
0.910755 2.494936 
0.911042 2.494509 
0.911280 2.494058 
0.911549 2.493633 
0.911807 2.493181 
0.912044 2.492763 
0.912306 2.492324 
0.912566 2.491894 
0.912835 2.491447 
0.913099 2.490997 
0.913355 2.490566 
0.913617 2.490094 
0.913857 2.489665 
0.914105 2.489241 
0.914363 2.488788 
0.914619 2.488357 
0.914883 2.487887 
0.915215 2.487481 
0.915578 2.486734 
0.915761 2.486457 
0.916015 2.486047 
0.916105 2.485667 
0.916404 2.485135 
0.916627 2.484788 
0.916966 2.484309 
0.916994 2.483932 
0.917268 2.483510 
0.917461 2.483103 
0.917833 2.482361 
0.917976 2.482164 
0.918176 2.481739 
0.918408 2.481296 
0.918624 2.480844 
0.918840 2.480416 
0.919050 2.479985 
0.919480 2.479338 
0.919743 2.478876 
0.919714 2.478706 
0.920307 2.478330 
0.920602 2.477952 
0.920149 2.477002 
0.920573 2.476655 
0.920543 2.476227 
0.921229 2.475941 
0.921585 2.475582 
0.921702 2.475083 
0.921769 2.474635 
0.922009 2.474073 
0.922234 2.473727 
0.922120 2.473013 
0.922225 2.472518 
0.922651 2.472082 
0.923202 2.471875 
0.923177 2.471103 
0.923340 2.470816 
0.923625 2.470365 
0.923611 2.469912 
0.924080 2.469408 
0.923954 2.468990 
0.924366 2.468322 
0.924710 2.467890 
0.924719 2.467292 
0.925038 2.467060 
0.925236 2.466666 
0.925308 2.466010 
0.925408 2.465491 
0.925805 2.464918 
0.926059 2.464764 
0.926076 2.464215 
0.926346 2.463745 
0.926606 2.463171 
0.926673 2.462714 
0.926774 2.462407 
0.926945 2.461711 
0.927293 2.461414 
0.927523 2.460970 
0.927477 2.460435 
0.927709 2.459958 
0.928073 2.459535 
0.927980 2.458976 
0.928250 2.458753 
0.928348 2.458321 
0.928551 2.457864 
0.928735 2.457397 
0.928940 2.456918 
0.929111 2.456446 
0.929232 2.455959 
0.929389 2.455301 
0.929540 2.454930 
0.929704 2.454230 
0.929852 2.453924 
0.930046 2.453518 
0.930193 2.453054 
0.930401 2.452254 
0.930470 2.451976 
0.930687 2.451391 
0.930726 2.450997 
0.930997 2.450619 
0.931069 2.450118 
0.931225 2.449626 
0.931385 2.449159 
0.931525 2.448670 
0.931673 2.448175 
0.931821 2.447657 
0.931976 2.447165 
0.932116 2.446698 
0.932219 2.446214 
0.932367 2.445718 
0.932487 2.445187 
0.932628 2.444698 
0.932751 2.444246 
0.932880 2.443763 
0.932967 2.443260 
0.933104 2.442792 
0.933231 2.442330 
0.933349 2.441831 
0.933485 2.441352 
0.933578 2.440884 
0.933700 2.440454 
0.933823 2.440001 
0.933949 2.439517 
0.934092 2.439031 
0.934210 2.438553 
0.934359 2.438047 
0.934455 2.437547 
0.934590 2.437079 
0.934730 2.436569 
0.934850 2.436080 
0.934989 2.435580 
0.935139 2.435052 
0.935260 2.434543 
0.935400 2.434032 
0.935521 2.433489 
0.935585 2.432930 
0.935830 2.432091 
0.935899 2.431724 
0.936056 2.431132 
0.936113 2.430804 
0.936283 2.430397 
0.936434 2.429512 
0.936554 2.429349 
0.936645 2.428813 
0.936793 2.428339 
0.936948 2.427558 
0.937110 2.427113 
0.937123 2.426785 
0.937342 2.426357 
0.937507 2.425848 
0.937579 2.425270 
0.937753 2.424810 
0.937939 2.424366 
0.938053 2.423531 
0.938144 2.423385 
0.938251 2.422736 
0.938266 2.422330 
0.938508 2.421613 
0.938733 2.421100 
0.938838 2.420862 
0.938993 2.420247 
0.938980 2.420040 
0.939037 2.419543 
0.939256 2.418748 
0.939398 2.418194 
0.939569 2.418011 
0.939714 2.417569 
0.939685 2.416975 
0.939889 2.416552 
0.940013 2.416077 
0.940159 2.415458 
0.940304 2.415060 
0.940415 2.414569 
0.940535 2.414036 
0.940638 2.413552 
0.940795 2.413072 
0.940910 2.412582 
0.941177 2.411922 
0.941287 2.411598 
0.941537 2.411007 
0.941299 2.410097 
0.941615 2.409953 
0.942024 2.409608 
0.941952 2.408870 
0.942078 2.408430 
0.942235 2.408073 
0.942227 2.407589 
0.942267 2.406984 
0.942417 2.406579 
0.942486 2.406043 
0.942685 2.405563 
0.942842 2.405082 
0.942963 2.404628 
0.943101 2.404149 
0.943240 2.403684 
0.943376 2.403215 
0.943484 2.402755 
0.943628 2.402269 
0.943754 2.401806 
0.943864 2.401337 
0.943981 2.400903 
0.944092 2.400446 
0.944227 2.399965 
0.944374 2.399480 
0.944489 2.399002 
0.944632 2.398503 
0.944611 2.397925 
0.944523 2.397368 
0.944810 2.396884 
0.945090 2.396443 
0.945225 2.396019 
0.945399 2.395291 
0.945355 2.394923 
0.945570 2.394349 
0.945609 2.393799 
0.945953 2.393412 
0.945980 2.392811 
0.946174 2.392372 
0.946317 2.391551 
0.946316 2.391271 
0.946516 2.390566 
0.946787 2.389997 
0.946912 2.389680 
0.947023 2.389144 
0.947104 2.388883 
0.947212 2.388033 
0.947308 2.387846 
0.947444 2.387110 
0.947603 2.386508 
0.947666 2.386304 
0.947825 2.385804 
0.947965 2.384980 
0.948090 2.384662 
0.948146 2.384267 
0.948498 2.383905 
0.948496 2.383368 
0.948630 2.382531 
0.948888 2.382089 
0.948837 2.381830 
0.949032 2.381135 
0.949080 2.380790 
0.949147 2.380288 
0.949345 2.380030 
0.949468 2.379521 
0.949614 2.379013 
0.949825 2.378570 
0.949971 2.378074 
0.950151 2.377293 
0.950289 2.376881 
0.950354 2.376367 
0.950347 2.375705 
0.950665 2.375382 
0.950961 2.375050 
0.950938 2.374480 
0.950836 2.374017 
0.950727 2.373417 
0.950947 2.372945 
0.950494 2.372119 
0.951348 2.371637 
0.951260 2.371393 
0.951721 2.370985 
0.951876 2.370303 
0.951985 2.369900 
0.951941 2.369465 
0.952422 2.369101 
0.952537 2.368588 
0.952728 2.367924 
0.952623 2.367327 
0.952721 2.366872 
0.952899 2.366258 
0.952936 2.366020 
0.953007 2.365430 
0.953237 2.364763 
0.953332 2.364430 
0.953377 2.363984 
0.953636 2.363666 
0.953710 2.363200 
0.953840 2.362607 
0.953954 2.362217 
0.954078 2.361753 
0.954181 2.361303 
0.954325 2.360849 
0.954459 2.360391 
0.954623 2.359892 
0.954756 2.359400 
0.954896 2.358900 
0.954997 2.358393 
0.955155 2.357936 
0.955258 2.357418 
0.955386 2.356923 
0.955536 2.356417 
0.955680 2.355875 
0.955817 2.355385 
0.955958 2.354875 
0.956042 2.354013 
0.956270 2.353690 
0.956344 2.353191 
0.956167 2.352323 
0.956206 2.351862 
0.956574 2.351475 
0.956961 2.351109 
0.956944 2.350632 
0.957111 2.350290 
0.957177 2.349531 
0.957408 2.349066 
0.957560 2.348649 
0.957662 2.348142 
0.957741 2.347824 
0.957706 2.347227 
0.957840 2.346635 
0.958141 2.346059 
0.958292 2.345777 
0.958290 2.345228 
0.958366 2.344686 
0.958724 2.344317 
0.958635 2.343760 
0.958824 2.343150 
0.959215 2.342596 
0.959221 2.342141 
0.959189 2.341825 
0.959418 2.341470 
0.959447 2.340982 
0.959603 2.340267 
0.959722 2.339712 
0.959924 2.339288 
0.960001 2.338991 
0.960143 2.338537 
0.960207 2.338022 
0.960327 2.337211 
0.960622 2.336888 
0.960686 2.336474 
0.960915 2.335784 
0.960915 2.335193 
0.961112 2.334877 
0.961189 2.334492 
0.961319 2.333964 
0.961596 2.333288 
0.961575 2.332976 
0.961757 2.332207 
0.961734 2.331939 
0.961994 2.331174 
0.962083 2.330773 
0.962245 2.330362 
0.962333 2.329892 
0.962483 2.329520 
0.962651 2.328744 
0.962795 2.328246 
0.962812 2.327853 
0.963061 2.327385 
0.963312 2.327018 
0.963414 2.326467 
0.963460 2.325820 
0.963680 2.325359 
0.963539 2.325056 
0.963707 2.324458 
0.963914 2.323802 
0.963958 2.323444 
0.964095 2.323134 
0.964262 2.322691 
0.964359 2.322192 
0.964408 2.321693 
0.964600 2.320984 
0.964784 2.320874 
0.964847 2.320069 
0.964857 2.319817 
0.965304 2.319146 
0.965276 2.318731 
0.965476 2.318417 
0.965525 2.317872 
0.965643 2.317306 
0.965805 2.316872 
0.965972 2.316341 
0.966090 2.315865 
0.966255 2.315354 
0.966368 2.314808 
0.966522 2.314316 
0.966682 2.313814 
0.966764 2.312940 
0.966976 2.312666 
0.966946 2.311982 
0.967037 2.311513 
0.967498 2.311061 
0.967379 2.310768 
0.967738 2.310209 
0.967361 2.309297 
0.967351 2.308790 
0.967847 2.308377 
0.968190 2.308023 
0.968276 2.307586 
0.968195 2.306987 
0.968658 2.306547 
0.968504 2.306092 
0.968553 2.305370 
0.968861 2.305008 
0.968996 2.304729 
0.969137 2.304107 
0.969171 2.303644 
0.969336 2.303246 
0.969702 2.302813 
0.969686 2.302259 
0.970016 2.301786 
0.969446 2.300980 
0.969859 2.300705 
0.969955 2.300183 
0.970174 2.299835 
0.970224 2.299346 
0.970274 2.298756 
0.970499 2.298332 
0.970502 2.297876 
0.970824 2.297233 
0.971006 2.296676 
0.971055 2.296465 
0.971149 2.295731 
0.971333 2.295354 
0.971421 2.294973 
0.971593 2.294266 
0.971688 2.293978 
0.971846 2.293476 
0.971989 2.292689 
0.972045 2.292125 
0.972142 2.291950 
0.972265 2.291441 
0.972451 2.290909 
0.972624 2.290293 
0.972677 2.289795 
0.972859 2.289494 
0.972977 2.288994 
0.973061 2.288433 
0.973233 2.288062 
0.973363 2.287557 
0.973534 2.286805 
0.973626 2.286259 
0.973754 2.285797 
0.973943 2.285255 
0.973953 2.284947 
0.974148 2.284609 
0.974269 2.284133 
0.974373 2.283448 
0.974454 2.283032 
0.974581 2.282358 
0.974824 2.282032 
0.974858 2.281558 
0.975037 2.281144 
0.975081 2.280775 
0.975281 2.280139 
0.975396 2.279504 
0.975532 2.279326 
0.975605 2.278704 
0.975745 2.278293 
0.975935 2.277885 
0.976002 2.277338 
0.976152 2.276809 
0.976351 2.276350 
0.976593 2.275511 
0.976742 2.275316 
0.976778 2.274810 
0.976909 2.273960 
0.977039 2.273578 
0.977361 2.273190 
0.976968 2.272260 
0.977256 2.271889 
0.977538 2.271549 
0.977836 2.271016 
0.977801 2.270441 
0.977525 2.270003 
0.978019 2.269488 
0.978380 2.269031 
0.978665 2.268703 
0.978754 2.268168 
0.977385 2.267022 
0.978488 2.266776 
0.978886 2.266482 
0.979008 2.265918 
0.979082 2.265586 
0.979228 2.265223 
0.979223 2.264696 
0.979564 2.264318 
0.979611 2.263783 
0.979903 2.263113 
0.980057 2.262722 
0.980033 2.262408 
0.980346 2.261971 
0.980485 2.261270 
0.980366 2.260632 
0.980593 2.260264 
0.980898 2.259790 
0.980879 2.259323 
0.980787 2.258620 
0.980886 2.258245 
0.981083 2.257662 
0.981257 2.257101 
0.981342 2.256830 
0.981838 2.256417 
0.981793 2.255826 
0.981818 2.255471 
0.982057 2.255076 
0.982110 2.254522 
0.982408 2.253877 
0.982401 2.253494 
0.982732 2.252799 
0.982752 2.252329 
0.983046 2.251994 
0.983100 2.251520 
0.981063 2.249743 
0.980825 2.249447 
0.979598 2.248204 
0.980081 2.247807 
0.981204 2.247905 
0.981885 2.247729 
0.983805 2.247829 
0.983909 2.247524 
0.983958 2.246790 
0.984063 2.246184 
0.984108 2.245726 
0.984084 2.245413 
0.984453 2.245072 
0.984477 2.244548 
0.984652 2.244032 
0.984735 2.243526 
0.984832 2.243129 
0.984982 2.242723 
0.985117 2.242265 
0.984111 2.241143 
0.981630 2.239458 
0.978983 2.237402 
0.977161 2.236100 
0.977461 2.235568 
0.978910 2.235938 
0.979491 2.235634 
0.979798 2.235206 
0.980988 2.235215 
0.984111 2.236101 
0.986491 2.236541 
0.986817 2.235877 
0.986462 2.235668 
0.986899 2.235114 
0.987111 2.234605 
0.987261 2.233987 
0.987269 2.233479 
0.987507 2.233106 
0.987555 2.232449 
0.987724 2.231852 
0.987844 2.231465 
0.988112 2.230883 
0.987795 2.230381 
0.988306 2.230009 
0.988315 2.229568 
0.988425 2.229097 
0.988607 2.228618 
0.988700 2.228084 
0.988930 2.227607 
0.989151 2.226813 
0.989240 2.226421 
0.989307 2.226108 
0.989417 2.225672 
0.989495 2.225164 
0.989759 2.224748 
0.989890 2.223932 
0.989901 2.223524 
0.990093 2.223306 
0.990157 2.222747 
0.990420 2.222108 
0.990446 2.221696 
0.990558 2.221160 
0.990681 2.220831 
0.990846 2.219998 
0.991002 2.219852 
0.991081 2.219344 
0.991187 2.218850 
0.991414 2.218215 
0.991582 2.217751 
0.991759 2.217404 
0.991616 2.216563 
0.991910 2.216340 
0.991960 2.215774 
0.991722 2.215020 
0.992441 2.214829 
0.992649 2.214207 
0.992597 2.213947 
0.992789 2.213294 
0.993115 2.212797 
0.993134 2.212283 
0.991981 2.211144 
0.993249 2.211424 
0.993461 2.210849 
0.993542 2.210052 
0.993094 2.209596 
0.993626 2.209347 
0.993756 2.208697 
0.993967 2.208355 
0.993770 2.207521 
0.993958 2.207223 
0.993991 2.206749 
0.994438 2.206122 
0.994620 2.205665 
0.994680 2.205383 
0.994413 2.204839 
0.994872 2.204273 
0.994932 2.204002 
0.994956 2.203500 
0.994760 2.202924 
0.995242 2.202415 
0.995591 2.202119 
0.995625 2.201701 
0.995686 2.200950 
0.995844 2.200750 
0.995946 2.200230 
0.996116 2.199768 
0.996332 2.198993 
0.996584 2.198593 
0.996638 2.198330 
0.996925 2.197848 
0.996928 2.197012 
0.996987 2.196383 
0.997055 2.195993 
0.997318 2.195465 
0.997289 2.194826 
0.997394 2.194376 
0.997503 2.193872 
0.997644 2.193517 
0.997896 2.193184 
0.998034 2.192663 
0.998134 2.192142 
0.998309 2.191637 
0.997461 2.190471 
0.998416 2.190420 
0.998631 2.189945 
0.998642 2.189594 
0.998731 2.189069 
0.981794 2.179947 
0.980575 2.178598 
0.980020 2.178078 
0.979769 2.177385 
0.979970 2.176926 
0.980179 2.176505 
0.980400 2.176068 
0.980617 2.175628 
0.980836 2.175190 
0.981057 2.174741 
0.981271 2.174312 
0.981481 2.173891 
0.981684 2.173479 
0.981901 2.173040 
0.982122 2.172591 
0.982355 2.172125 
0.982571 2.171686 
0.982802 2.171220 
0.983014 2.170790 
0.983231 2.170350 
0.983454 2.169902 
0.983680 2.169446 
0.983910 2.168979 
0.984129 2.168541 
0.984492 2.168129 
0.985624 2.168141 
0.988522 2.169017 
0.992495 2.170122 
0.994544 2.170823 
0.996289 2.171084 
0.999634 2.172102 
0.998963 2.170921 
0.997820 2.170055 
0.997986 2.169412 
0.995588 2.167591 
0.994252 2.166707 
0.994348 2.166175 
0.994565 2.165724 
0.995164 2.165485 
0.997415 2.166052 
0.999285 2.166261 
1.000877 2.166647 
1.001342 2.166320 
1.001062 2.165624 
1.001226 2.165158 
1.001294 2.164679 
1.000386 2.163694 
1.001383 2.163696 
1.001364 2.163074 
1.001878 2.162769 
1.002179 2.162461 
1.001992 2.161565 
1.002646 2.161665 
1.002112 2.160855 
1.002001 2.159952 
1.000220 2.158793 
0.998588 2.157450 
0.999447 2.157306 
1.000874 2.157443 
1.002707 2.157490 
1.003368 2.157538 
1.004372 2.157476 
1.004845 2.157108 
1.005070 2.156651 
1.005298 2.156194 
1.005722 2.155813 
1.007403 2.155885 
1.007475 2.155396 
1.007551 2.154809 
1.007773 2.154528 
1.007914 2.154007 
1.007894 2.153227 
1.008269 2.152844 
1.008175 2.152418 
1.008315 2.151963 
1.008418 2.151478 
1.008498 2.150949 
1.008675 2.150445 
1.008666 2.149905 
1.008839 2.149400 
1.004173 2.146368 
1.002752 2.145219 
1.002889 2.144707 
1.003100 2.144276 
1.003321 2.143827 
1.003533 2.143396 
1.003757 2.142949 
1.003963 2.142527 
1.004423 2.142208 
1.005233 2.142061 
1.005450 2.141645 
1.005653 2.141243 
1.005856 2.140819 
1.006069 2.140400 
1.006292 2.139941 
1.006515 2.139494 
1.006375 2.138867 
0.988381 2.129256 
0.986913 2.128084 
0.986829 2.127552 
0.987063 2.127099 
0.987291 2.126643 
0.987526 2.126179 
0.987750 2.125732 
0.988214 2.125358 
0.992400 2.126581 
0.994077 2.127142 
0.995061 2.127070 
0.995984 2.126946 
0.996738 2.126672 
0.998055 2.126833 
0.998817 2.126652 
0.999497 2.126386 
0.999946 2.126072 
1.000358 2.125730 
1.001489 2.125687 
1.003242 2.125994 
1.004225 2.125923 
1.004738 2.125663 
1.005361 2.125413 
1.005597 2.124950 
1.005817 2.124502 
1.006043 2.124045 
1.006412 2.123702 
1.007356 2.123601 
1.007634 2.123180 
1.008304 2.122987 
1.009529 2.123047 
1.010833 2.123167 
1.011963 2.123001 
1.011793 2.122537 
1.011789 2.122045 
1.012296 2.121804 
1.011577 2.120925 
1.011947 2.120505 
1.011657 2.119793 
1.007661 2.116980 
1.005871 2.115816 
1.005845 2.115247 
1.006078 2.114792 
1.006289 2.114351 
1.006520 2.113896 
1.006756 2.113409 
1.004754 2.111706 
1.003476 2.110606 
1.003553 2.110097 
1.003785 2.109620 
1.004012 2.109164 
1.004432 2.108791 
1.005015 2.108500 
1.005253 2.108026 
1.005470 2.107597 
1.005687 2.107147 
1.006126 2.106784 
1.006803 2.106540 
1.007663 2.106418 
1.008899 2.106459 
1.010753 2.106807 
1.011627 2.106671 
1.011878 2.106214 
1.012105 2.105746 
1.012343 2.105273 
1.012573 2.104807 
1.012791 2.104368 
1.013012 2.103920 
1.013216 2.103507 
1.013429 2.103077 
1.013637 2.102656 
1.013856 2.102217 
1.014072 2.101777 
1.014272 2.101374 
1.014480 2.100953 
1.014688 2.100532 
1.014714 2.100020 
1.014863 2.099502 
1.015227 2.099113 
1.015384 2.098633 
1.015060 2.097894 
1.011490 2.095425 
1.010793 2.094712 
1.010827 2.094161 
1.009422 2.092607 
1.007682 2.091300 
1.006235 2.089949 
1.005220 2.088900 
1.005060 2.088465 
1.005284 2.088028 
1.005500 2.087577 
1.005804 2.087148 
1.006350 2.086838 
1.008247 2.087174 
1.011920 2.088454 
1.014398 2.089110 
1.014987 2.088854 
1.015206 2.088405 
1.015141 2.087793 
1.015311 2.087319 
1.015527 2.086868 
1.015552 2.086033 
1.015106 2.085578 
1.014192 2.084546 
1.014149 2.083968 
1.014379 2.083501 
1.014599 2.083062 
1.014810 2.082631 
1.014571 2.081933 
1.014580 2.081424 
1.014789 2.080992 
1.015016 2.080536 
1.015229 2.080105 
1.015442 2.079675 
1.015749 2.079348 
1.016158 2.079026 
1.016374 2.078563 
1.016599 2.078128 
1.016809 2.077684 
1.017039 2.077230 
1.017257 2.076780 
1.017609 2.076408 
1.018472 2.076254 
1.018741 2.075830 
1.018958 2.075390 
1.019190 2.074913 
1.019589 2.074541 
1.020667 2.074472 
1.020993 2.074030 
1.021214 2.073572 
1.021450 2.073097 
1.021839 2.072675 
1.025367 2.073639 
1.028622 2.074713 
1.026985 2.073468 
1.025205 2.071830 
1.024342 2.071001 
1.024956 2.070781 
1.025265 2.070387 
1.025495 2.069909 
1.025670 2.069371 
1.025785 2.068937 
1.026033 2.068368 
1.023856 2.066633 
1.021360 2.064741 
1.020825 2.063863 
1.020562 2.063522 
1.019026 2.061937 
1.015899 2.060100 
1.015372 2.059349 
1.015578 2.058904 
1.015801 2.058457 
1.015915 2.057977 
1.015525 2.057260 
1.015701 2.056846 
1.015903 2.056421 
1.016126 2.055984 
1.016319 2.055511 
1.015590 2.054325 
1.014513 2.053458 
1.014656 2.052993 
1.014883 2.052548 
1.015102 2.052098 
1.015527 2.051750 
1.016524 2.051642 
1.017518 2.051564 
1.019625 2.052026 
1.021777 2.052509 
1.022348 2.052300 
1.022736 2.051924 
1.024616 2.052272 
1.026356 2.052565 
1.026828 2.052263 
1.027052 2.051815 
1.027285 2.051350 
1.027500 2.050910 
1.027720 2.050472 
1.027940 2.050023 
1.028310 2.049648 
1.028645 2.049233 
1.028489 2.048621 
1.028694 2.048187 
1.028796 2.047668 
1.027246 2.046323 
1.026834 2.045549 
1.027189 2.045156 
1.028317 2.045167 
1.028824 2.044860 
1.029035 2.044441 
1.029245 2.044009 
1.029461 2.043580 
1.029674 2.043139 
1.029890 2.042710 
1.030086 2.042304 
1.030409 2.041974 
1.030610 2.041571 
1.030825 2.041130 
1.031450 2.040592 
1.031998 2.040617 
1.032262 2.040168 
1.032330 2.039644 
1.031571 2.038588 
1.031234 2.037718 
1.030906 2.037288 
1.030812 2.036662 
1.031045 2.036175 
1.031266 2.035727 
1.031417 2.035188 
1.030264 2.033758 
1.029297 2.032633 
1.028063 2.031521 
1.027754 2.030989 
1.027975 2.030518 
1.028212 2.030045 
1.028423 2.029613 
1.028655 2.029147 
1.028889 2.028672 
1.029200 2.028246 
1.030569 2.028354 
1.033087 2.028907 
1.034837 2.029382 
1.035375 2.029113 
1.035638 2.028618 
1.035506 2.027984 
1.031687 2.025303 
1.031199 2.024627 
1.031603 2.024381 
1.033264 2.024622 
1.034435 2.024687 
1.034749 2.024307 
1.033320 2.022876 
1.032633 2.022134 
1.032798 2.021692 
1.033013 2.021263 
1.033214 2.020849 
1.033422 2.020428 
1.033641 2.019989 
1.033866 2.019532 
1.034088 2.019083 
1.034280 2.018564 
1.033712 2.017748 
1.033838 2.017264 
1.034061 2.016816 
1.034280 2.016367 
1.034507 2.015910 
1.034732 2.015453 
1.034749 2.014914 
1.034863 2.014369 
1.035071 2.013948 
1.035288 2.013508 
1.035511 2.013059 
1.035742 2.012594 
1.035971 2.012128 
1.036040 2.011604 
1.034922 2.010482 
1.034935 2.009942 
1.035161 2.009496 
1.034842 2.008624 
1.034246 2.007672 
1.028246 2.004125 
1.027851 2.003494 
1.028008 2.003103 
1.028225 2.002675 
1.028446 2.002227 
1.028677 2.001761 
1.028893 2.001321 
1.029109 2.000892 
1.029325 2.000452 
1.029538 2.000023 
1.029746 1.999601 
1.029730 1.999080 
1.027042 1.996992 
1.025533 1.995933 
1.025566 1.995426 
1.025757 1.995041 
1.025958 1.994638 
1.026181 1.994190 
1.026398 1.993752 
1.026611 1.993321 
1.026838 1.992864 
1.027060 1.992416 
1.027279 1.991978 
1.027853 1.991681 
1.029536 1.991967 
1.031742 1.992467 
1.033955 1.992981 
1.036000 1.993378 
1.036658 1.993123 
1.036890 1.992658 
1.037131 1.992186 
1.037359 1.991718 
1.037599 1.991235 
1.037829 1.990768 
1.038059 1.990302 
1.038272 1.989872 
1.038504 1.989406 
1.038733 1.988939 
1.038961 1.988483 
1.039168 1.988061 
1.039390 1.987613 
1.039615 1.987156 
1.039838 1.986708 
1.040068 1.986241 
1.040302 1.985767 
1.040539 1.985292 
1.040767 1.984825 
1.040985 1.984387 
1.041372 1.984008 
1.041881 1.983735 
1.042102 1.983299 
1.042312 1.982867 
1.042651 1.982466 
1.043056 1.982119 
1.043261 1.981708 
1.043464 1.981295 
1.043672 1.980874 
1.043892 1.980436 
1.044111 1.979986 
1.044339 1.979530 
1.044561 1.979082 
1.044786 1.978624 
1.045004 1.978185 
1.045221 1.977745 
1.045216 1.977186 
1.036848 1.972235 
1.033152 1.969815 
1.031627 1.968760 
1.031679 1.968183 
1.031879 1.967769 
1.032111 1.967315 
1.032333 1.966867 
1.032566 1.966402 
1.032800 1.965927 
1.033028 1.965471 
1.033255 1.965013 
1.033480 1.964557 
1.033709 1.964100 
1.033930 1.963652 
1.034156 1.963195 
1.034388 1.962729 
1.034609 1.962280 
1.034827 1.961842 
1.035044 1.961403 
1.035270 1.960945 
1.035497 1.960489 
1.035718 1.960041 
1.035931 1.959610 
1.036148 1.959170 
1.036365 1.958731 
1.036565 1.958328 
1.036737 1.957867 
1.035225 1.956550 
1.035058 1.955955 
1.035268 1.955523 
1.035456 1.955148 
1.035663 1.954726 
1.035882 1.954286 
1.036107 1.953829 
1.036315 1.953408 
1.036551 1.952933 
1.036572 1.952386 
1.024267 1.945566 
1.022728 1.944380 
1.020712 1.942871 
1.020272 1.942086 
1.020489 1.941591 
1.020722 1.941137 
1.020959 1.940662 
1.021265 1.940245 
1.022063 1.940049 
1.023513 1.940185 
1.023904 1.939798 
1.024469 1.939498 
1.025233 1.939296 
1.026771 1.939331 
1.029005 1.940011 
1.032809 1.941077 
1.034661 1.941737 
1.038863 1.943145 
1.041421 1.943930 
1.043659 1.944489 
1.044995 1.944593 
1.046227 1.944611 
1.047564 1.944692 
1.048630 1.944639 
1.049320 1.944388 
1.049545 1.943953 
1.049766 1.943505 
1.049973 1.943083 
1.050190 1.942654 
1.050399 1.942222 
1.050624 1.941775 
1.050804 1.941329 
1.049963 1.940389 
1.049728 1.939771 
1.049926 1.939356 
1.050142 1.938927 
1.050356 1.938486 
1.050589 1.938021 
1.050811 1.937573 
1.051031 1.937124 
1.051249 1.936686 
1.051465 1.936246 
1.051697 1.935780 
1.051923 1.935324 
1.052153 1.934857 
1.052375 1.934409 
1.052613 1.933924 
1.052831 1.933485 
1.053053 1.933037 
1.053274 1.932588 
1.053511 1.932115 
1.053743 1.931638 
1.053980 1.931164 
1.054192 1.930733 
1.054416 1.930275 
1.054641 1.929828 
1.054855 1.929388 
1.055088 1.928923 
1.055310 1.928453 
1.055526 1.928013 
1.055749 1.927587 
1.055959 1.927156 
1.056188 1.926677 
1.056422 1.926225 
1.056641 1.925775 
1.056854 1.925355 
1.057067 1.924915 
1.057290 1.924467 
1.057491 1.924042 
1.057699 1.923621 
1.057936 1.923159 
1.057753 1.922521 
1.057373 1.921831 
1.057548 1.921438 
1.057772 1.920991 
1.057988 1.920550 
1.058217 1.920095 
1.058424 1.919651 
1.058669 1.919180 
1.058886 1.918731 
1.059105 1.918293 
1.059331 1.917835 
1.059553 1.917387 
1.059767 1.916935 
1.060008 1.916463 
1.060227 1.916024 
1.060467 1.915541 
1.060698 1.915052 
1.060937 1.914590 
1.061157 1.914142 
1.061394 1.913667 
1.061618 1.913209 
1.061845 1.912753 
1.062048 1.912340 
1.062283 1.911865 
1.062518 1.911390 
1.062093 1.910510 
1.061207 1.909615 
1.061365 1.909113 
1.061597 1.908659 
1.061819 1.908211 
1.062051 1.907745 
1.062276 1.907265 
1.062510 1.906812 
1.062738 1.906345 
1.062959 1.905907 
1.063184 1.905450 
1.063384 1.905024 
1.063378 1.904497 
1.062895 1.903757 
1.062316 1.902912 
1.062430 1.902444 
1.062638 1.902023 
1.062836 1.901619 
1.063036 1.901193 
1.062953 1.900605 
1.062430 1.899800 
1.062148 1.899114 
1.062373 1.898646 
1.062593 1.898196 
1.062808 1.897767 
1.063028 1.897318 
1.063264 1.896845 
1.063486 1.896374 
1.063719 1.895920 
1.063947 1.895463 
1.064185 1.894979 
1.064405 1.894530 
1.064619 1.894089 
1.064832 1.893648 
1.065080 1.893168 
1.064927 1.892501 
1.064164 1.891577 
1.063362 1.890455 
1.062356 1.889601 
1.062483 1.889095 
1.062703 1.888657 
1.062929 1.888199 
1.063147 1.887739 
1.063367 1.887301 
1.063591 1.886854 
1.063795 1.886441 
1.064022 1.885963 
1.064248 1.885506 
1.064473 1.885070 
1.064537 1.884555 
1.064336 1.883909 
1.064553 1.883448 
1.064766 1.883006 
1.064978 1.882587 
1.065207 1.882131 
1.065632 1.881806 
1.066421 1.881660 
1.066641 1.881278 
1.066971 1.880905 
1.067850 1.880783 
1.068164 1.880380 
1.068365 1.879955 
1.068601 1.879491 
1.068818 1.879041 
1.069040 1.878604 
1.069263 1.878146 
1.069486 1.877699 
1.069709 1.877251 
1.069946 1.876766 
1.070169 1.876318 
1.070404 1.875843 
1.070642 1.875359 
1.070874 1.874893 
1.071098 1.874435 
1.071343 1.873943 
1.071581 1.873458 
1.071814 1.872992 
1.072026 1.872562 
1.072255 1.872095 
1.072496 1.871611 
1.072726 1.871146 
1.072937 1.870715 
1.073166 1.870259 
1.073385 1.869809 
1.073604 1.869371 
1.073837 1.868895 
1.074064 1.868438 
1.074138 1.867873 
1.073742 1.867130 
1.073736 1.866591 
1.073955 1.866142 
1.074163 1.865721 
1.074267 1.865225 
1.074219 1.864678 
1.074079 1.864039 
1.073766 1.863359 
1.073547 1.862727 
1.073718 1.862299 
1.073919 1.861885 
1.074134 1.861456 
1.074358 1.860998 
1.074584 1.860541 
1.074815 1.860075 
1.075035 1.859626 
1.075258 1.859179 
1.075410 1.858695 
1.075205 1.858025 
1.073527 1.856615 
1.073336 1.855964 
1.073549 1.855522 
1.073958 1.855122 
1.075338 1.855257 
1.075434 1.854769 
1.075163 1.854089 
1.075015 1.853436 
