-0.000036 1.966585 
0.000662 1.966755 
0.000945 1.966978 
0.001068 1.967510 
0.001367 1.967936 
0.001656 1.968134 
0.001947 1.968570 
0.002257 1.968967 
0.002608 1.969360 
0.003063 1.969958 
0.003309 1.970116 
0.003477 1.970925 
0.004108 1.971131 
0.004379 1.971257 
0.004607 1.971755 
0.004980 1.972360 
0.005468 1.972598 
0.005681 1.973050 
0.006147 1.973301 
0.006310 1.973640 
0.006754 1.974237 
0.007065 1.974599 
0.007366 1.975039 
0.007695 1.975316 
0.007986 1.975734 
0.008291 1.975803 
0.008640 1.976119 
0.009088 1.976870 
0.009221 1.977150 
0.009583 1.977371 
0.009933 1.977749 
0.010273 1.978251 
0.010561 1.978563 
0.010969 1.979108 
0.011399 1.979528 
0.011678 1.979997 
0.011932 1.980062 
0.012243 1.980522 
0.012710 1.981137 
0.013078 1.981524 
0.013389 1.981999 
0.013768 1.982135 
0.013916 1.982444 
0.014458 1.982952 
0.014699 1.983273 
0.015037 1.983508 
0.015271 1.983950 
0.015654 1.984303 
0.016110 1.984868 
0.016358 1.985437 
0.016748 1.985783 
0.016963 1.985850 
0.017310 1.986232 
0.017577 1.986697 
0.017942 1.987152 
0.018397 1.987670 
0.018674 1.988123 
0.018976 1.988227 
0.019206 1.988531 
0.019682 1.989152 
0.019917 1.989465 
0.020260 1.989916 
0.020484 1.989878 
0.020830 1.990372 
0.021062 1.990673 
0.021524 1.991264 
0.021843 1.991552 
0.022131 1.991944 
0.022386 1.992265 
0.022775 1.992723 
0.023156 1.993063 
0.023420 1.993484 
0.023754 1.993722 
0.024243 1.994390 
0.024461 1.994693 
0.024931 1.995273 
0.025151 1.995368 
0.025617 1.996079 
0.025812 1.996172 
0.026206 1.996686 
0.026698 1.997224 
0.026976 1.997674 
0.027289 1.997796 
0.027525 1.998204 
0.027969 1.998832 
0.028196 1.998902 
0.028491 1.999317 
0.029000 1.999912 
0.029264 2.000254 
0.029564 2.000582 
0.030003 2.001106 
0.030195 2.001217 
0.030704 2.001908 
0.030979 2.002252 
0.031287 2.002572 
0.031553 2.002894 
0.031875 2.003180 
0.032266 2.003699 
0.032673 2.004165 
0.033012 2.004653 
0.033429 2.004821 
0.033574 2.005198 
0.033911 2.005512 
0.034205 2.006073 
0.034458 2.006125 
0.034876 2.006706 
0.035203 2.007082 
0.035491 2.007345 
0.035804 2.007721 
0.036139 2.008070 
0.036589 2.008708 
0.036901 2.009164 
0.037391 2.009417 
0.037506 2.009767 
0.037814 2.010007 
0.038136 2.010467 
0.038508 2.010739 
0.038793 2.011246 
0.039135 2.011586 
0.039488 2.011961 
0.039984 2.012651 
0.040175 2.012782 
0.040516 2.013155 
0.040848 2.013555 
0.041319 2.014133 
0.041659 2.014652 
0.041942 2.014636 
0.042290 2.015240 
0.042655 2.015694 
0.042906 2.016036 
0.043314 2.016566 
0.043560 2.016595 
0.043987 2.017230 
0.044204 2.017406 
0.044507 2.017778 
0.044842 2.018127 
0.045165 2.018492 
0.045492 2.018851 
0.045801 2.019200 
0.046115 2.019590 
0.046434 2.019961 
0.046766 2.020329 
0.047058 2.020637 
0.047383 2.020982 
0.047707 2.021360 
0.048063 2.021731 
0.048355 2.022150 
0.048714 2.022517 
0.049056 2.022904 
0.049373 2.023276 
0.049736 2.023670 
0.050044 2.024084 
0.050400 2.024456 
0.050748 2.024884 
0.051047 2.025326 
0.051582 2.025984 
0.051834 2.026261 
0.052161 2.026684 
0.052482 2.026923 
0.052767 2.027334 
0.053162 2.027831 
0.053589 2.028275 
0.053896 2.028737 
0.054279 2.029138 
0.054596 2.029479 
0.054932 2.029953 
0.055169 2.029977 
0.055456 2.030450 
0.055742 2.030843 
0.056201 2.031357 
0.056611 2.031933 
0.056958 2.032059 
0.057231 2.032470 
0.057665 2.033062 
0.057845 2.033158 
0.058158 2.033566 
0.058592 2.034191 
0.058968 2.034601 
0.059124 2.034663 
0.059614 2.035296 
0.059980 2.035623 
0.060222 2.036024 
0.060444 2.036084 
0.060720 2.036537 
0.061012 2.036845 
0.061423 2.037386 
0.061680 2.037640 
0.062022 2.037997 
0.062369 2.038363 
0.062704 2.038728 
0.063046 2.039100 
0.063373 2.039492 
0.063717 2.039892 
0.064061 2.040294 
0.064390 2.040683 
0.064753 2.041094 
0.065088 2.041458 
0.065430 2.041830 
0.065787 2.042217 
0.066109 2.042645 
0.066480 2.043029 
0.066809 2.043448 
0.067122 2.043855 
0.067445 2.044251 
0.067796 2.044614 
0.068150 2.045240 
0.068385 2.045539 
0.068708 2.045887 
0.069087 2.046214 
0.069442 2.046553 
0.069774 2.046907 
0.070143 2.047263 
0.070494 2.047639 
0.070825 2.048041 
0.071148 2.048390 
0.071457 2.048786 
0.071790 2.049152 
0.072102 2.049532 
0.072425 2.049864 
0.072762 2.050242 
0.073077 2.050632 
0.073369 2.051003 
0.073602 2.051430 
0.074004 2.051951 
0.074329 2.052120 
0.074577 2.052531 
0.074901 2.052909 
0.075253 2.053284 
0.075602 2.053680 
0.075925 2.054043 
0.076285 2.054442 
0.076622 2.054806 
0.076967 2.055174 
0.077334 2.055578 
0.077652 2.055980 
0.077990 2.056373 
0.078350 2.056787 
0.078705 2.057159 
0.079059 2.057549 
0.079406 2.057947 
0.079752 2.058362 
0.080091 2.058753 
0.080415 2.059116 
0.080740 2.059526 
0.081085 2.059926 
0.081439 2.060315 
0.081768 2.060704 
0.082100 2.061073 
0.082449 2.061468 
0.082706 2.061930 
0.083248 2.062548 
0.083511 2.062827 
0.083839 2.063296 
0.084273 2.063761 
0.084429 2.063870 
0.084873 2.064420 
0.085205 2.064804 
0.085532 2.065275 
0.085813 2.065403 
0.086079 2.065791 
0.086534 2.066373 
0.086666 2.066464 
0.087142 2.067021 
0.087359 2.067261 
0.087684 2.067654 
0.088048 2.068015 
0.088386 2.068472 
0.088699 2.068800 
0.088989 2.069095 
0.089255 2.069449 
0.089717 2.070055 
0.090009 2.070363 
0.090303 2.070684 
0.090638 2.071016 
0.091087 2.071638 
0.091289 2.071849 
0.091754 2.072340 
0.092054 2.072701 
0.092430 2.073174 
0.092652 2.073330 
0.093100 2.073999 
0.093348 2.074105 
0.093673 2.074595 
0.094088 2.075052 
0.094458 2.075564 
0.094912 2.075798 
0.095058 2.076159 
0.095309 2.076454 
0.095642 2.076836 
0.096040 2.077331 
0.096360 2.077731 
0.096715 2.077927 
0.097044 2.078459 
0.097340 2.078728 
0.097634 2.079129 
0.098169 2.079755 
0.098435 2.080174 
0.098865 2.080358 
0.098974 2.080667 
0.099443 2.081282 
0.099639 2.081325 
0.099913 2.081813 
0.100343 2.082331 
0.100677 2.082715 
0.100869 2.082764 
0.101152 2.083225 
0.101536 2.083783 
0.101812 2.083997 
0.102162 2.084376 
0.102494 2.084729 
0.103015 2.085406 
0.103182 2.085676 
0.103653 2.086221 
0.103896 2.086273 
0.104194 2.086730 
0.104557 2.087077 
0.104923 2.087483 
0.105425 2.088136 
0.105741 2.088618 
0.106219 2.088871 
0.106347 2.089253 
0.106777 2.089818 
0.106997 2.089865 
0.107350 2.090256 
0.107702 2.090648 
0.108060 2.091047 
0.108482 2.091655 
0.108783 2.092173 
0.109151 2.092371 
0.109406 2.092723 
0.109715 2.093010 
0.110048 2.093471 
0.110547 2.094048 
0.110880 2.094527 
0.111272 2.094709 
0.111468 2.095103 
0.111833 2.095575 
0.112000 2.095702 
0.112283 2.096100 
0.112718 2.096612 
0.113030 2.096990 
0.113338 2.097165 
0.113692 2.097619 
0.113926 2.097853 
0.114257 2.098319 
0.114709 2.098889 
0.115006 2.099333 
0.115270 2.099420 
0.115643 2.099992 
0.115904 2.100273 
0.116356 2.100972 
0.116568 2.101124 
0.117004 2.101476 
0.117320 2.102023 
0.117627 2.102169 
0.117935 2.102581 
0.118262 2.102926 
0.118566 2.103329 
0.119006 2.103771 
0.119448 2.104338 
0.119700 2.104361 
0.119934 2.104865 
0.120421 2.105473 
0.120750 2.105781 
0.120978 2.106087 
0.121348 2.106520 
0.121663 2.106816 
0.122144 2.107476 
0.122262 2.107663 
0.122756 2.108214 
0.123025 2.108452 
0.123421 2.108886 
0.123698 2.109148 
0.124034 2.109512 
0.124305 2.109828 
0.124603 2.110224 
0.124960 2.110593 
0.125291 2.110933 
0.125610 2.111300 
0.125948 2.111663 
0.126270 2.112027 
0.126589 2.112381 
0.126871 2.112715 
0.127199 2.113073 
0.127508 2.113455 
0.127845 2.113833 
0.128175 2.114189 
0.128505 2.114560 
0.128832 2.114967 
0.129160 2.115324 
0.129488 2.115746 
0.129819 2.116116 
0.130199 2.116458 
0.130626 2.116803 
0.130962 2.117534 
0.131244 2.118172 
0.131496 2.118511 
0.132095 2.118613 
0.132557 2.118917 
0.132782 2.119656 
0.133250 2.119874 
0.133429 2.120432 
0.133536 2.120634 
0.134036 2.121399 
0.134590 2.121381 
0.134733 2.121888 
0.134938 2.122192 
0.135384 2.122785 
0.135618 2.122989 
0.136048 2.123381 
0.136288 2.123720 
0.136727 2.124051 
0.136937 2.124539 
0.137544 2.125013 
0.137679 2.125213 
0.138161 2.125793 
0.138424 2.126088 
0.138690 2.126411 
0.139028 2.126932 
0.139466 2.127266 
0.139663 2.127642 
0.139970 2.127818 
0.140253 2.128248 
0.140682 2.128831 
0.141011 2.129139 
0.141231 2.129328 
0.141663 2.129892 
0.142074 2.130275 
0.142374 2.130730 
0.142650 2.130802 
0.142979 2.131365 
0.143421 2.131822 
0.143749 2.132322 
0.143967 2.132370 
0.144260 2.132772 
0.144656 2.133253 
0.144891 2.133631 
0.145310 2.133876 
0.145769 2.134611 
0.146036 2.134854 
0.146406 2.135367 
0.146666 2.135459 
0.147002 2.135982 
0.147359 2.136192 
0.147789 2.136504 
0.147989 2.137004 
0.148334 2.137516 
0.148668 2.137834 
0.149127 2.138444 
0.149294 2.138635 
0.149657 2.138965 
0.150166 2.139513 
0.150365 2.139743 
0.150796 2.140341 
0.151073 2.140411 
0.151359 2.140822 
0.151734 2.141120 
0.152097 2.141420 
0.152459 2.141719 
0.152848 2.142383 
0.153256 2.142753 
0.153392 2.142855 
0.153769 2.143025 
0.153971 2.143697 
0.154409 2.143745 
0.154683 2.144233 
0.155029 2.144584 
0.155383 2.144943 
0.155706 2.145339 
0.156013 2.145770 
0.156334 2.146199 
0.156629 2.146614 
0.156954 2.147024 
0.157299 2.147472 
0.157622 2.147883 
0.157939 2.148302 
0.158283 2.148736 
0.158601 2.149154 
0.158933 2.149556 
0.159291 2.149971 
0.159611 2.150387 
0.159967 2.150773 
0.160301 2.151108 
0.160645 2.151494 
0.160978 2.151909 
0.161320 2.152296 
0.161614 2.152696 
0.161945 2.153068 
0.162285 2.153458 
0.162621 2.153837 
0.162985 2.154230 
0.163344 2.154614 
0.163663 2.155062 
0.163932 2.155555 
0.164406 2.156147 
0.164790 2.156482 
0.164897 2.156860 
0.165255 2.157037 
0.165528 2.157464 
0.165984 2.157997 
0.166391 2.158447 
0.166631 2.158851 
0.167013 2.158999 
0.167246 2.159458 
0.167619 2.159809 
0.167852 2.160188 
0.168232 2.160530 
0.168543 2.161099 
0.168817 2.161189 
0.169178 2.161650 
0.169416 2.162024 
0.169801 2.162485 
0.170314 2.162997 
0.170418 2.163329 
0.170800 2.163477 
0.171143 2.163959 
0.171488 2.164407 
0.171801 2.164705 
0.172151 2.165084 
0.172488 2.165494 
0.172835 2.165891 
0.173177 2.166294 
0.173518 2.166685 
0.173839 2.167099 
0.174174 2.167465 
0.174538 2.167842 
0.174889 2.168218 
0.175247 2.168603 
0.175578 2.168988 
0.175890 2.169367 
0.176232 2.169722 
0.176560 2.170128 
0.176898 2.170521 
0.177210 2.170931 
0.177521 2.171292 
0.177854 2.171660 
0.178168 2.172051 
0.178501 2.172403 
0.178827 2.172748 
0.179091 2.173199 
0.179577 2.173840 
0.179782 2.174095 
0.180035 2.174290 
0.180336 2.174602 
0.180730 2.175181 
0.181122 2.175570 
0.181413 2.176022 
0.181826 2.176226 
0.181984 2.176573 
0.182303 2.176911 
0.182651 2.177306 
0.182974 2.177702 
0.183446 2.178344 
0.183699 2.178459 
0.184036 2.178870 
0.184340 2.179290 
0.184734 2.179709 
0.185191 2.180384 
0.185556 2.180775 
0.185876 2.181191 
0.186093 2.181241 
0.186455 2.181636 
0.186886 2.182264 
0.187045 2.182561 
0.187511 2.183258 
0.187844 2.183323 
0.188151 2.183563 
0.188377 2.183983 
0.188795 2.184341 
0.189094 2.184782 
0.189459 2.185222 
0.189944 2.185767 
0.190094 2.186091 
0.190616 2.186447 
0.190976 2.186909 
0.191178 2.187089 
0.191449 2.187548 
0.191855 2.188017 
0.192203 2.188445 
0.192585 2.188721 
0.192771 2.188952 
0.193258 2.189558 
0.193382 2.189691 
0.193743 2.190184 
0.194148 2.190621 
0.194342 2.190746 
0.194634 2.191228 
0.195081 2.191949 
0.195212 2.192120 
0.195738 2.192566 
0.196179 2.192705 
0.196333 2.193278 
0.196561 2.193570 
0.196964 2.193882 
0.197420 2.194193 
0.197670 2.194695 
0.198096 2.195233 
0.198508 2.195711 
0.198728 2.196011 
0.199016 2.196244 
0.199407 2.196793 
0.199698 2.197070 
0.200155 2.197587 
0.200443 2.197978 
0.200849 2.198445 
0.201061 2.198581 
0.201391 2.198984 
0.201721 2.199372 
0.202053 2.199741 
0.202377 2.200086 
0.202712 2.200453 
0.203055 2.200839 
0.203417 2.201219 
0.203753 2.201598 
0.204052 2.201977 
0.204375 2.202356 
0.204705 2.202729 
0.205011 2.203113 
0.205331 2.203464 
0.205663 2.203832 
0.205989 2.204210 
0.206319 2.204565 
0.206616 2.204930 
0.206936 2.205281 
0.207204 2.205745 
0.207706 2.206316 
0.207979 2.206790 
0.208496 2.207026 
0.208603 2.207340 
0.209033 2.207889 
0.209246 2.208119 
0.209675 2.208701 
0.209865 2.208848 
0.210251 2.209230 
0.210695 2.209842 
0.211082 2.210366 
0.211440 2.210654 
0.211729 2.210837 
0.212002 2.211169 
0.212280 2.211635 
0.212688 2.212070 
0.213127 2.212607 
0.213321 2.212750 
0.213741 2.213313 
0.214084 2.213730 
0.214509 2.214223 
0.214831 2.214414 
0.215174 2.214849 
0.215401 2.215044 
0.215760 2.215649 
0.216276 2.216110 
0.216387 2.216385 
0.216746 2.216673 
0.217172 2.217339 
0.217517 2.217771 
0.217722 2.217869 
0.218074 2.218275 
0.218353 2.218582 
0.218665 2.218945 
0.218995 2.219315 
0.219334 2.219659 
0.219660 2.220021 
0.219957 2.220368 
0.220241 2.220781 
0.220560 2.221117 
0.220917 2.221472 
0.221283 2.221845 
0.221607 2.222209 
0.221938 2.222612 
0.222263 2.222988 
0.222605 2.223361 
0.222917 2.223786 
0.223266 2.224182 
0.223617 2.224559 
0.223947 2.224962 
0.224307 2.225359 
0.224651 2.225714 
0.224972 2.226129 
0.225411 2.226795 
0.225787 2.227267 
0.225956 2.227344 
0.226302 2.227729 
0.226701 2.228300 
0.227040 2.228676 
0.227338 2.229056 
0.227683 2.229232 
0.227932 2.229735 
0.228249 2.230077 
0.228595 2.230443 
0.229065 2.231023 
0.229390 2.231511 
0.229831 2.231715 
0.229997 2.232034 
0.230406 2.232625 
0.230669 2.232635 
0.230896 2.233116 
0.231399 2.233735 
0.231551 2.233864 
0.231989 2.234357 
0.232281 2.234775 
0.232680 2.235221 
0.232873 2.235317 
0.233213 2.235864 
0.233632 2.236348 
0.233909 2.236673 
0.234162 2.236758 
0.234447 2.237217 
0.234750 2.237589 
0.235109 2.237990 
0.235427 2.238359 
0.235771 2.238745 
0.236231 2.239321 
0.236600 2.239819 
0.236868 2.239854 
0.237213 2.240413 
0.237499 2.240665 
0.237848 2.241123 
0.238368 2.241722 
0.238582 2.242013 
0.238977 2.242430 
0.239331 2.242868 
0.239668 2.243326 
0.239928 2.243464 
0.240251 2.243973 
0.240715 2.244416 
0.241098 2.245008 
0.241315 2.245043 
0.241671 2.245653 
0.242073 2.246189 
0.242323 2.246421 
0.242822 2.246806 
0.243015 2.247060 
0.243421 2.247337 
0.243785 2.248144 
0.244033 2.248172 
0.244313 2.248636 
0.244721 2.249307 
0.245066 2.249501 
0.245374 2.249821 
0.245554 2.250123 
0.245954 2.250408 
0.246218 2.250844 
0.246550 2.251228 
0.246996 2.251760 
0.247171 2.251876 
0.247505 2.252291 
0.247920 2.252827 
0.248302 2.253358 
0.248550 2.253448 
0.248863 2.253904 
0.249359 2.254484 
0.249520 2.254634 
0.249933 2.254919 
0.250169 2.255438 
0.250623 2.255957 
0.251059 2.256501 
0.251377 2.256680 
0.251553 2.256956 
0.251906 2.257297 
0.252321 2.257930 
0.252521 2.258144 
0.252884 2.258507 
0.253209 2.258884 
0.253559 2.259246 
0.254003 2.259843 
0.254365 2.260268 
0.254676 2.260728 
0.255016 2.260864 
0.255226 2.261208 
0.255689 2.261796 
0.255863 2.261899 
0.256343 2.262596 
0.256706 2.263021 
0.256945 2.263345 
0.257304 2.263824 
0.257553 2.263819 
0.257942 2.264371 
0.258283 2.264808 
0.258573 2.265150 
0.258811 2.265333 
0.259169 2.265796 
0.259605 2.266338 
0.259862 2.266688 
0.260087 2.266712 
0.260385 2.267171 
0.260672 2.267533 
0.261036 2.267892 
0.261535 2.268565 
0.261826 2.268903 
0.262138 2.269250 
0.262530 2.269751 
0.262715 2.269793 
0.263028 2.270265 
0.263502 2.270871 
0.263720 2.271048 
0.264174 2.271600 
0.264511 2.271993 
0.264854 2.272223 
0.265146 2.272720 
0.265495 2.273052 
0.265850 2.273568 
0.266309 2.274048 
0.266649 2.274519 
0.266845 2.274641 
0.267188 2.275061 
0.267586 2.275522 
0.267874 2.275820 
0.268328 2.276436 
0.268509 2.276625 
0.268930 2.276915 
0.269346 2.277563 
0.269646 2.278018 
0.270060 2.278475 
0.270283 2.278501 
0.270705 2.279222 
0.270867 2.279403 
0.271355 2.279914 
0.271680 2.280243 
0.271918 2.280377 
0.272390 2.281114 
0.272697 2.281482 
0.272951 2.281899 
0.273423 2.282064 
0.273518 2.282359 
0.273940 2.282919 
0.274183 2.282969 
0.274466 2.283445 
0.274935 2.284075 
0.275165 2.284188 
0.275596 2.284848 
0.275857 2.285240 
0.276256 2.285686 
0.276457 2.285771 
0.276956 2.286442 
0.277302 2.286841 
0.277651 2.287188 
0.277867 2.287289 
0.278127 2.287713 
0.278518 2.288169 
0.278796 2.288493 
0.279175 2.288835 
0.279639 2.289519 
0.279996 2.289936 
0.280213 2.289922 
0.280498 2.290412 
0.280912 2.290966 
0.281172 2.291232 
0.281523 2.291562 
0.281965 2.292192 
0.282328 2.292539 
0.282630 2.293040 
0.282992 2.293196 
0.283221 2.293598 
0.283664 2.294147 
0.283827 2.294296 
0.284147 2.294631 
0.284483 2.294979 
0.284791 2.295376 
0.285087 2.295743 
0.285440 2.296102 
0.285756 2.296443 
0.286081 2.296789 
0.286367 2.297120 
0.286667 2.297463 
0.286993 2.297839 
0.287333 2.298214 
0.287642 2.298612 
0.287993 2.298974 
0.288336 2.299358 
0.288661 2.299705 
0.289016 2.300139 
0.289336 2.300524 
0.289683 2.300906 
0.290043 2.301320 
0.290374 2.301738 
0.290724 2.302116 
0.291077 2.302554 
0.291425 2.302951 
0.291774 2.303346 
0.292046 2.303821 
0.292611 2.304474 
0.292848 2.304786 
0.293137 2.305144 
0.293482 2.305304 
0.293732 2.305776 
0.294083 2.306186 
0.294545 2.306679 
0.294898 2.307197 
0.295148 2.307222 
0.295492 2.307797 
0.295946 2.308350 
0.296159 2.308612 
0.296607 2.309219 
0.296825 2.309251 
0.297197 2.309842 
0.297644 2.310401 
0.297955 2.310637 
0.298273 2.311135 
0.298516 2.311152 
0.298761 2.311549 
0.299101 2.311924 
0.299411 2.312272 
0.299849 2.313003 
0.300183 2.313274 
0.300563 2.313472 
0.300708 2.313770 
0.301260 2.314312 
0.301330 2.314576 
0.301821 2.315177 
0.302168 2.315560 
0.302354 2.315664 
0.302812 2.316161 
0.303034 2.316413 
0.303439 2.316883 
0.303698 2.317293 
0.304020 2.317658 
0.304375 2.317999 
0.304704 2.318372 
0.305046 2.318776 
0.305416 2.319145 
0.305754 2.319570 
0.306098 2.319973 
0.306434 2.320367 
0.306783 2.320747 
0.307119 2.321127 
0.307461 2.321530 
0.307790 2.321920 
0.308151 2.322300 
0.308469 2.322703 
0.308800 2.323057 
0.309124 2.323419 
0.309442 2.323837 
0.309793 2.324213 
0.310144 2.324590 
0.310438 2.324974 
0.310761 2.325322 
0.311062 2.325729 
0.311401 2.326059 
0.311717 2.326431 
0.312029 2.326792 
0.312350 2.327158 
0.312646 2.327540 
0.312959 2.327870 
0.313268 2.328219 
0.313593 2.328597 
0.313924 2.328998 
0.314263 2.329374 
0.314611 2.329739 
0.314966 2.330144 
0.315268 2.330534 
0.315629 2.330930 
0.315947 2.331331 
0.316296 2.331711 
0.316647 2.332136 
0.316914 2.332617 
0.317471 2.333264 
0.317772 2.333561 
0.318056 2.333941 
0.318395 2.334126 
0.318678 2.334635 
0.319003 2.334965 
0.319325 2.335378 
0.319794 2.335959 
0.320166 2.336468 
0.320527 2.336594 
0.320701 2.336968 
0.321133 2.337532 
0.321337 2.337630 
0.321830 2.338291 
0.322170 2.338604 
0.322411 2.338751 
0.322728 2.339186 
0.323117 2.339785 
0.323563 2.340267 
0.323857 2.340748 
0.324322 2.340967 
0.324491 2.341379 
0.324915 2.341793 
0.325162 2.342155 
0.325336 2.342243 
0.325702 2.342617 
0.326144 2.343265 
0.326490 2.343600 
0.326602 2.343684 
0.327091 2.344336 
0.327400 2.344637 
0.327657 2.345035 
0.327987 2.345152 
0.328275 2.345719 
0.328568 2.345976 
0.328898 2.346379 
0.329386 2.347033 
0.329619 2.347093 
0.329929 2.347553 
0.330307 2.347851 
0.330655 2.348326 
0.331012 2.348854 
0.331289 2.349163 
0.331657 2.349551 
0.332102 2.350370 
0.332344 2.350324 
0.332806 2.350993 
0.333004 2.351131 
0.333432 2.351747 
0.333808 2.352203 
0.334213 2.352308 
0.334355 2.352800 
0.334866 2.353106 
0.335039 2.353482 
0.335505 2.354051 
0.335796 2.354391 
0.336156 2.354884 
0.336339 2.354912 
0.336719 2.355492 
0.336925 2.355745 
0.337289 2.356075 
0.337795 2.356753 
0.337984 2.356775 
0.338254 2.357205 
0.338766 2.357826 
0.338889 2.358057 
0.339334 2.358525 
0.339523 2.358672 
0.339852 2.359062 
0.340155 2.359386 
0.340589 2.359993 
0.340966 2.360387 
0.341370 2.360889 
0.341586 2.360876 
0.341864 2.361390 
0.342377 2.362062 
0.342547 2.362075 
0.342994 2.362731 
0.343386 2.363167 
0.343674 2.363541 
0.343889 2.363689 
0.344273 2.364170 
0.344577 2.364509 
0.344942 2.364884 
0.345390 2.365508 
0.345685 2.365858 
0.346035 2.366269 
0.346325 2.366402 
0.346609 2.366894 
0.347092 2.367490 
0.347284 2.367682 
0.347724 2.368188 
0.348076 2.368660 
0.348442 2.369081 
0.348667 2.369168 
0.348995 2.369590 
0.349328 2.370021 
0.349694 2.370427 
0.350039 2.370781 
0.350366 2.371155 
0.350693 2.371531 
0.351015 2.371895 
0.351340 2.372241 
0.351650 2.372605 
0.351968 2.372976 
0.352295 2.373335 
0.352630 2.373683 
0.352939 2.374050 
0.353244 2.374404 
0.353533 2.374778 
0.353891 2.375146 
0.354248 2.375532 
0.354555 2.375931 
0.354910 2.376304 
0.355229 2.376673 
0.355567 2.377051 
0.355890 2.377445 
0.356247 2.377832 
0.356594 2.378230 
0.356924 2.378617 
0.357291 2.379023 
0.357596 2.379424 
0.358036 2.380041 
0.358412 2.380546 
0.358775 2.380812 
0.358977 2.381183 
0.359243 2.381459 
0.359676 2.381990 
0.360106 2.382427 
0.360251 2.382566 
0.360588 2.382976 
0.360926 2.383354 
0.361358 2.383901 
0.361726 2.384368 
0.361958 2.384447 
0.362301 2.385026 
0.362736 2.385569 
0.363133 2.385921 
0.363394 2.386330 
0.363837 2.386609 
0.363909 2.386790 
0.364352 2.387371 
0.364548 2.387544 
0.364867 2.387911 
0.365197 2.388284 
0.365536 2.388642 
0.365877 2.388985 
0.366186 2.389319 
0.366480 2.389687 
0.366812 2.390072 
0.367156 2.390442 
0.367480 2.390835 
0.367825 2.391205 
0.368167 2.391593 
0.368482 2.391967 
0.368829 2.392381 
0.369159 2.392752 
0.369496 2.393131 
0.369863 2.393535 
0.370191 2.393941 
0.370542 2.394318 
0.370899 2.394751 
0.371250 2.395144 
0.371600 2.395554 
0.371865 2.396038 
0.372419 2.396736 
0.372720 2.397017 
0.373008 2.397361 
0.373340 2.397523 
0.373605 2.398054 
0.374023 2.398523 
0.374281 2.398777 
0.374774 2.399375 
0.375134 2.399852 
0.375360 2.399875 
0.375799 2.400492 
0.376117 2.400912 
0.376512 2.401329 
0.376778 2.401748 
0.377205 2.401968 
0.377394 2.402355 
0.377810 2.402794 
0.378172 2.403189 
0.378309 2.403560 
0.378624 2.403760 
0.378955 2.404210 
0.379245 2.404518 
0.379571 2.404927 
0.379876 2.405219 
0.380377 2.405823 
0.380711 2.406284 
0.380918 2.406331 
0.381227 2.406808 
0.381679 2.407314 
0.382032 2.407817 
0.382271 2.407838 
0.382544 2.408298 
0.383058 2.409029 
0.383257 2.409069 
0.383706 2.409658 
0.384105 2.410119 
0.384387 2.410503 
0.384619 2.410564 
0.384971 2.411117 
0.385239 2.411389 
0.385761 2.412080 
0.385999 2.412358 
0.386341 2.412763 
0.386595 2.412893 
0.387001 2.413537 
0.387241 2.413684 
0.387662 2.414262 
0.388006 2.414648 
0.388280 2.414834 
0.388522 2.415217 
0.388897 2.415756 
0.389238 2.415939 
0.389760 2.416644 
0.389962 2.416937 
0.390290 2.417119 
0.390549 2.417499 
0.391020 2.418126 
0.391196 2.418258 
0.391620 2.418734 
0.391927 2.419182 
0.392234 2.419360 
0.392476 2.419761 
0.392928 2.420347 
0.393226 2.420789 
0.393542 2.421035 
0.393856 2.421331 
0.394106 2.421577 
0.394575 2.421968 
0.394857 2.422510 
0.395039 2.422746 
0.395418 2.423104 
0.395771 2.423638 
0.396095 2.423938 
0.396432 2.424301 
0.396778 2.424683 
0.397111 2.425067 
0.397491 2.425471 
0.397854 2.425865 
0.398207 2.426288 
0.398575 2.426659 
0.398939 2.427054 
0.399258 2.427500 
0.399594 2.427846 
0.399936 2.428236 
0.400287 2.428660 
0.400646 2.429029 
0.400981 2.429393 
0.401289 2.429791 
0.401638 2.430171 
0.401985 2.430554 
0.402328 2.430940 
0.402662 2.431370 
0.403013 2.431748 
0.403355 2.432152 
0.403673 2.432538 
0.404017 2.432907 
0.404315 2.433285 
0.404591 2.433708 
0.405085 2.434354 
0.405297 2.434363 
0.405588 2.434830 
0.406040 2.435464 
0.406194 2.435623 
0.406592 2.436021 
0.406842 2.436316 
0.407208 2.436771 
0.407473 2.437143 
0.407939 2.437394 
0.408388 2.437729 
0.408733 2.438463 
0.408892 2.438585 
0.409412 2.439133 
0.409535 2.439444 
0.409986 2.440110 
0.410229 2.440112 
0.410714 2.440800 
0.410855 2.441135 
0.411194 2.441258 
0.411522 2.441758 
0.411984 2.442428 
0.412157 2.442611 
0.412673 2.442992 
0.412848 2.443347 
0.413310 2.443825 
0.413684 2.444190 
0.414023 2.444646 
0.414314 2.445033 
0.414631 2.445437 
0.414888 2.445596 
0.415225 2.446054 
0.415698 2.446568 
0.416026 2.447052 
0.416482 2.447332 
0.416665 2.447660 
0.416946 2.448094 
0.417195 2.448549 
0.417757 2.448792 
0.417898 2.449079 
0.418236 2.449521 
0.418510 2.449770 
0.418803 2.450091 
0.419091 2.450531 
0.419421 2.451045 
0.419719 2.451312 
0.420126 2.451874 
0.420643 2.452045 
0.420775 2.452391 
0.420962 2.452734 
0.421416 2.452983 
0.421757 2.453610 
0.422021 2.453826 
0.422448 2.454475 
0.422723 2.454564 
0.423056 2.455011 
0.423512 2.455624 
0.423952 2.456082 
0.424092 2.456226 
0.424434 2.456631 
0.424904 2.457339 
0.425186 2.457404 
0.425472 2.457828 
0.425788 2.458280 
0.426136 2.458597 
0.426448 2.459007 
0.426946 2.459632 
0.427145 2.459800 
0.427509 2.460145 
0.427947 2.460890 
0.428122 2.460994 
0.428528 2.461319 
0.428862 2.461700 
0.429162 2.462157 
0.429532 2.462462 
0.429861 2.462929 
0.430182 2.463297 
0.430525 2.463684 
0.430863 2.464029 
0.431198 2.464378 
0.431505 2.464779 
0.431822 2.465165 
0.432178 2.465536 
0.432513 2.465901 
0.432815 2.466260 
0.433140 2.466620 
0.433453 2.466981 
0.433787 2.467395 
0.434136 2.467776 
0.434464 2.468166 
0.434802 2.468558 
0.435133 2.468945 
0.435455 2.469326 
0.435793 2.469702 
0.436142 2.470082 
0.436554 2.470765 
0.436811 2.471101 
0.437130 2.471357 
0.437459 2.471667 
0.437769 2.472158 
0.438209 2.472599 
0.438525 2.473100 
0.438806 2.473277 
0.439277 2.473951 
0.439615 2.474281 
0.439966 2.474577 
0.440324 2.474979 
0.440463 2.475268 
0.440952 2.475904 
0.441202 2.475961 
0.441493 2.476380 
0.441799 2.476765 
0.442297 2.477422 
0.442626 2.477603 
0.442975 2.478078 
0.443165 2.478272 
0.443576 2.478877 
0.443801 2.479013 
0.444142 2.479371 
0.444592 2.480054 
0.444920 2.480381 
0.445080 2.480484 
0.445332 2.480953 
0.445762 2.481471 
0.446055 2.481904 
0.446385 2.482037 
0.446688 2.482281 
0.447046 2.482937 
0.447335 2.483120 
0.447632 2.483436 
0.448085 2.484054 
0.448274 2.484266 
0.448734 2.484524 
0.449057 2.485125 
0.449427 2.485607 
0.449665 2.485900 
0.450033 2.486161 
0.450328 2.486624 
0.450688 2.487021 
0.451068 2.487378 
0.451402 2.487873 
0.451884 2.488437 
0.452229 2.488933 
0.452675 2.489130 
0.452767 2.489429 
0.453046 2.489751 
0.453404 2.490122 
0.453771 2.490494 
0.454189 2.491121 
0.454441 2.491209 
0.454746 2.491736 
0.455200 2.492225 
0.455437 2.492409 
0.455875 2.492995 
0.456213 2.493452 
0.456612 2.493929 
0.456929 2.494285 
0.457230 2.494660 
0.457565 2.494771 
0.457810 2.495168 
0.458069 2.495531 
0.458452 2.495853 
0.458922 2.496543 
0.459226 2.496869 
0.459377 2.496935 
0.459891 2.497462 
0.460002 2.497705 
0.460421 2.498189 
0.460698 2.498658 
0.461070 2.498771 
0.461403 2.499344 
0.461793 2.499817 
0.462125 2.500217 
0.462298 2.500338 
0.462778 2.501016 
0.463156 2.501345 
0.463484 2.501638 
0.463858 2.502019 
0.464017 2.502299 
0.464301 2.502759 
0.464867 2.503349 
0.465204 2.503838 
0.465442 2.503829 
0.465792 2.504431 
0.466246 2.504967 
0.466382 2.505100 
0.466774 2.505553 
0.467042 2.505843 
0.467401 2.506227 
0.467924 2.506852 
0.468196 2.507295 
0.468436 2.507285 
0.468791 2.507895 
0.469024 2.508131 
0.469388 2.508510 
0.469739 2.508885 
0.470176 2.509507 
0.470393 2.509621 
0.470707 2.510058 
0.471214 2.510608 
0.471503 2.511078 
0.471949 2.511307 
0.472021 2.511566 
0.472334 2.511848 
0.472624 2.512269 
0.473083 2.512814 
0.473418 2.513260 
0.473624 2.513323 
0.474033 2.513914 
0.474371 2.514308 
0.474665 2.514676 
0.474980 2.515033 
0.475466 2.515626 
0.475778 2.515748 
0.476003 2.515963 
0.476342 2.516594 
0.476724 2.516725 
0.476991 2.517207 
0.477377 2.517605 
0.477708 2.517975 
0.478061 2.518365 
0.478435 2.518730 
0.478786 2.519123 
0.479143 2.519507 
0.479470 2.519867 
0.479823 2.520241 
0.480182 2.520657 
0.480561 2.521031 
0.480893 2.521416 
0.481239 2.521782 
0.481596 2.522184 
0.481942 2.522551 
0.482297 2.522939 
0.482676 2.523297 
0.483011 2.523696 
0.483377 2.524086 
0.483690 2.524478 
0.484036 2.524830 
0.484349 2.525190 
0.484695 2.525510 
0.485009 2.525868 
0.485329 2.526236 
0.485667 2.526599 
0.485955 2.526989 
0.486286 2.527311 
0.486693 2.527922 
0.487048 2.528071 
0.487388 2.528589 
0.487695 2.528924 
0.488051 2.529136 
0.488285 2.529563 
0.488806 2.530095 
0.489042 2.530392 
0.489370 2.530591 
0.489676 2.530993 
0.490110 2.531522 
0.490420 2.531757 
0.490919 2.532429 
0.491213 2.532623 
0.491661 2.533006 
0.491872 2.533333 
0.492375 2.533793 
0.492758 2.534226 
0.492953 2.534223 
0.493288 2.534637 
0.493746 2.535262 
0.494107 2.535628 
0.494322 2.535792 
0.494778 2.536325 
0.495188 2.536740 
0.495361 2.536796 
0.495686 2.537175 
0.496054 2.537514 
0.496513 2.538029 
0.496975 2.538442 
0.497115 2.538715 
0.497496 2.538927 
0.497848 2.539288 
0.498212 2.539632 
0.498570 2.539953 
0.498914 2.540291 
0.499262 2.540623 
0.499641 2.540966 
0.499985 2.541289 
0.500308 2.541605 
0.500633 2.541934 
0.500985 2.542278 
0.501357 2.542613 
0.501737 2.542939 
0.502095 2.543275 
0.502471 2.543622 
0.502822 2.543950 
0.503208 2.544316 
0.503573 2.544643 
0.503933 2.544977 
0.504337 2.545337 
0.504716 2.545680 
0.505094 2.546024 
0.505505 2.546375 
0.505824 2.546807 
0.506401 2.547302 
0.506822 2.547719 
0.507051 2.547786 
0.507440 2.548164 
0.507822 2.548472 
0.508225 2.548799 
0.508647 2.549137 
0.508985 2.549561 
0.509375 2.549858 
0.509762 2.550175 
0.510159 2.550494 
0.510556 2.550815 
0.510961 2.551143 
0.511366 2.551468 
0.511761 2.551790 
0.512174 2.552122 
0.512546 2.552423 
0.512936 2.552737 
0.513310 2.553039 
0.513667 2.553329 
0.514041 2.553630 
0.514413 2.553933 
0.514796 2.554239 
0.515160 2.554534 
0.515519 2.554823 
0.515885 2.555118 
0.516257 2.555421 
0.516647 2.555733 
0.517058 2.556069 
0.517440 2.556375 
0.517845 2.556702 
0.518225 2.557011 
0.518607 2.557318 
0.519070 2.557541 
0.519529 2.557864 
0.519931 2.558113 
0.520265 2.558511 
0.520683 2.558806 
0.521062 2.559101 
0.521450 2.559416 
0.522051 2.559676 
0.522284 2.559991 
0.522718 2.560265 
0.523146 2.560562 
0.523569 2.560803 
0.523959 2.561117 
0.524545 2.561615 
0.524717 2.561769 
0.525172 2.561953 
0.525806 2.562362 
0.525997 2.562523 
0.526384 2.562936 
0.526784 2.563109 
0.527407 2.563356 
0.527714 2.563852 
0.528274 2.564209 
0.528442 2.564398 
0.528914 2.564531 
0.529524 2.564953 
0.529841 2.565037 
0.530096 2.565376 
0.530666 2.565624 
0.531115 2.565976 
0.531357 2.566073 
0.531887 2.566435 
0.532130 2.566516 
0.532642 2.566901 
0.532963 2.567044 
0.533397 2.567400 
0.533770 2.567637 
0.534400 2.567877 
0.534579 2.568228 
0.535062 2.568426 
0.535525 2.568680 
0.535950 2.568901 
0.536690 2.569323 
0.537000 2.569702 
0.537455 2.569840 
0.537966 2.570305 
0.538429 2.570685 
0.538788 2.570656 
0.539107 2.570946 
0.539931 2.571326 
0.540320 2.571465 
0.540495 2.571662 
0.540871 2.572023 
0.541392 2.572223 
0.541887 2.572452 
0.542288 2.572720 
0.542870 2.572986 
0.543243 2.573176 
0.543568 2.573506 
0.544077 2.573688 
0.544731 2.573976 
0.545380 2.574223 
0.545460 2.574475 
0.545874 2.574759 
0.546565 2.575048 
0.546911 2.575192 
0.547278 2.575422 
0.547657 2.575622 
0.548077 2.575881 
0.548519 2.576130 
0.548950 2.576360 
0.549373 2.576600 
0.549814 2.576803 
0.550239 2.577056 
0.550711 2.577284 
0.551198 2.577509 
0.551638 2.577760 
0.552124 2.577986 
0.552551 2.578220 
0.553045 2.578405 
0.553485 2.578641 
0.553987 2.578862 
0.554853 2.579015 
0.555362 2.579213 
0.555557 2.579353 
0.555841 2.579766 
0.556460 2.579779 
0.556852 2.580090 
0.557685 2.580379 
0.557789 2.580568 
0.558289 2.580729 
0.558786 2.580910 
0.559229 2.581156 
0.559668 2.581410 
0.560149 2.581609 
0.560635 2.581835 
0.561170 2.582000 
0.561631 2.582226 
0.562069 2.582447 
0.562526 2.582661 
0.563079 2.582804 
0.563558 2.583039 
0.564049 2.583243 
0.564502 2.583429 
0.564977 2.583605 
0.565444 2.583775 
0.565911 2.583992 
0.566391 2.584131 
0.566837 2.584358 
0.567327 2.584499 
0.567803 2.584657 
0.568463 2.584764 
0.569114 2.584913 
0.569124 2.585219 
0.569650 2.585380 
0.570240 2.585380 
0.570977 2.585678 
0.571178 2.585827 
0.571678 2.585972 
0.572127 2.586275 
0.572578 2.586513 
0.573175 2.586586 
0.573778 2.586699 
0.574285 2.586914 
0.574749 2.587167 
0.575265 2.587387 
0.575870 2.587467 
0.576397 2.587657 
0.576901 2.587861 
0.577383 2.588092 
0.577962 2.588203 
0.578430 2.588387 
0.578982 2.588499 
0.579477 2.588729 
0.580038 2.588847 
0.580530 2.589034 
0.581090 2.589104 
0.581586 2.589318 
0.582116 2.589459 
0.582619 2.589646 
0.583240 2.589721 
0.584260 2.589795 
0.584448 2.589881 
0.584931 2.590079 
0.585377 2.590322 
0.586115 2.590283 
0.586438 2.590537 
0.586995 2.590610 
0.587481 2.590804 
0.588015 2.590939 
0.588490 2.591097 
0.588946 2.591265 
0.589482 2.591366 
0.589944 2.591541 
0.590523 2.591637 
0.591020 2.591848 
0.591561 2.591976 
0.592062 2.592166 
0.592640 2.592215 
0.593123 2.592396 
0.593682 2.592484 
0.594210 2.592673 
0.594786 2.592756 
0.595370 2.592828 
0.596322 2.592860 
0.596602 2.592911 
0.597014 2.593196 
0.597756 2.593170 
0.598221 2.593326 
0.598837 2.593406 
0.599346 2.593603 
0.599978 2.593586 
0.600462 2.593814 
0.601126 2.593755 
0.601931 2.593857 
0.602509 2.594048 
0.603420 2.593957 
0.603493 2.594103 
0.603966 2.594282 
0.604794 2.594036 
0.605600 2.594295 
0.606138 2.594426 
0.606747 2.594435 
0.607311 2.594550 
0.607849 2.594503 
0.608387 2.594394 
0.609204 2.594052 
0.609924 2.594227 
0.609885 2.595181 
0.610989 2.594117 
0.611305 2.594983 
0.612206 2.594489 
0.612392 2.594846 
0.613224 2.594597 
0.613805 2.594833 
0.614237 2.594854 
0.614742 2.594882 
0.615586 2.594920 
0.615902 2.595037 
0.616955 2.594943 
0.617227 2.595037 
0.618169 2.595032 
0.618741 2.594993 
0.619223 2.595097 
0.619799 2.595147 
0.620467 2.595163 
0.621325 2.595263 
0.621879 2.595229 
0.622622 2.595233 
0.623166 2.595275 
0.623770 2.595354 
0.624286 2.595433 
0.625070 2.595353 
0.625680 2.595377 
0.626124 2.595449 
0.626856 2.595498 
0.627363 2.595602 
0.628005 2.595650 
0.628445 2.595742 
0.629301 2.595828 
0.629678 2.595824 
0.630507 2.595927 
0.631209 2.595870 
0.631680 2.595923 
0.632506 2.595839 
0.632998 2.595882 
0.633774 2.595782 
0.634218 2.595836 
0.634930 2.595926 
0.635383 2.596017 
0.635824 2.596235 
0.636497 2.596023 
0.637119 2.595969 
0.637707 2.596005 
0.638093 2.596322 
0.639267 2.595666 
0.639436 2.596251 
0.639727 2.596704 
0.640651 2.596306 
0.641319 2.596276 
0.641896 2.596357 
0.642751 2.596110 
0.643306 2.596235 
0.643956 2.596241 
0.644437 2.596489 
0.645086 2.596483 
0.645660 2.596552 
0.646224 2.596681 
0.646797 2.596783 
0.647770 2.596755 
0.648187 2.596733 
0.649271 2.596552 
0.649664 2.596511 
0.650256 2.596575 
0.650695 2.596860 
0.651155 2.597101 
0.651791 2.597125 
0.652630 2.597153 
0.652969 2.597226 
0.653343 2.597527 
0.653732 2.597841 
0.654484 2.597738 
0.656612 2.596122 
0.656834 2.596420 
0.658219 2.595772 
0.658583 2.595768 
0.659108 2.595865 
0.659932 2.595608 
0.660563 2.595623 
0.661222 2.595587 
0.661809 2.595607 
0.662854 2.595285 
0.663285 2.595229 
0.663995 2.595130 
0.664572 2.595227 
0.665730 2.594843 
0.666197 2.594839 
0.666674 2.595059 
0.667859 2.594674 
0.668304 2.594666 
0.668796 2.594852 
0.670062 2.594430 
0.670453 2.594471 
0.671291 2.594611 
0.671166 2.594575 
0.673322 2.593705 
0.674401 2.593276 
0.675169 2.592977 
0.675841 2.592782 
0.676544 2.592676 
0.677244 2.592701 
0.678218 2.592194 
0.678981 2.592047 
0.679864 2.592131 
0.680357 2.592142 
0.680902 2.592102 
0.682290 2.591212 
0.683316 2.590753 
0.683836 2.591104 
0.684458 2.590970 
0.685466 2.590558 
0.686045 2.590654 
0.687115 2.590252 
0.688303 2.590060 
0.688695 2.590291 
0.689511 2.590038 
0.690878 2.589764 
0.691158 2.589644 
0.691669 2.589588 
0.693253 2.589064 
0.694051 2.588787 
0.694349 2.588752 
0.694889 2.588689 
0.696297 2.588140 
0.696948 2.587921 
0.697613 2.587763 
0.698932 2.587297 
0.700103 2.586643 
0.700619 2.586560 
0.702244 2.585698 
0.702357 2.586143 
0.702642 2.586095 
0.703033 2.586107 
0.706129 2.584347 
0.707150 2.583420 
0.707608 2.583495 
0.707845 2.583703 
0.708323 2.583776 
0.710991 2.581897 
0.711245 2.582488 
0.712080 2.581932 
0.714003 2.580548 
0.714277 2.580841 
0.714639 2.580905 
0.717324 2.578315 
0.718035 2.578292 
0.718361 2.578463 
0.719925 2.577195 
0.720405 2.577318 
0.722064 2.576457 
0.722742 2.576095 
0.724484 2.575116 
0.725023 2.574925 
0.726667 2.573940 
0.727544 2.573714 
0.727334 2.573948 
0.729384 2.572900 
0.730266 2.572350 
0.730574 2.572776 
0.731082 2.573150 
0.734033 2.570233 
0.734645 2.569904 
0.735043 2.570114 
0.735545 2.571143 
0.735399 2.571560 
0.735600 2.571819 
0.735447 2.571859 
0.735660 2.571673 
0.735916 2.571519 
0.736207 2.571305 
0.736739 2.570897 
0.737446 2.570487 
0.737894 2.570152 
0.738379 2.569861 
0.739381 2.569488 
0.739556 2.569357 
0.739990 2.569060 
0.740248 2.568608 
0.740893 2.568382 
0.741271 2.568043 
0.741781 2.567707 
0.742213 2.567363 
0.742582 2.566974 
0.743166 2.566690 
0.743582 2.566326 
0.744108 2.566022 
0.744545 2.565682 
0.745059 2.565383 
0.745453 2.565007 
0.745905 2.564731 
0.746397 2.564420 
0.746805 2.564052 
0.747318 2.563740 
0.747692 2.563398 
0.748241 2.563131 
0.749036 2.562759 
0.749096 2.562428 
0.749784 2.562201 
0.750155 2.561836 
0.750621 2.561499 
0.751047 2.561117 
0.751762 2.560724 
0.751886 2.560439 
0.752370 2.560180 
0.752734 2.559833 
0.753156 2.559507 
0.753883 2.559040 
0.754084 2.558911 
0.754195 2.558448 
0.755006 2.558049 
0.755039 2.557850 
0.755851 2.557443 
0.755802 2.557175 
0.756504 2.556832 
0.756825 2.556587 
0.757181 2.556201 
0.757890 2.555724 
0.758327 2.555350 
0.758309 2.555122 
0.758857 2.554854 
0.759164 2.554429 
0.759509 2.554048 
0.759983 2.553705 
0.760331 2.553348 
0.760753 2.552988 
0.761133 2.552615 
0.761620 2.552290 
0.762071 2.551934 
0.762713 2.551443 
0.762843 2.551185 
0.763277 2.550841 
0.763965 2.550319 
0.764338 2.549919 
0.764750 2.549587 
0.765170 2.549191 
0.765114 2.548977 
0.765716 2.548625 
0.765909 2.548320 
0.766471 2.547911 
0.766716 2.547601 
0.767056 2.547217 
0.767418 2.546880 
0.767781 2.546532 
0.768093 2.546145 
0.768478 2.545798 
0.768830 2.545466 
0.769155 2.545087 
0.769544 2.544753 
0.769884 2.544393 
0.770206 2.544068 
0.770538 2.543703 
0.770905 2.543357 
0.771242 2.542960 
0.771645 2.542612 
0.771958 2.542203 
0.772374 2.541838 
0.773122 2.541372 
0.773598 2.541029 
0.773745 2.540676 
0.774152 2.540365 
0.774387 2.540026 
0.774581 2.539607 
0.774978 2.539175 
0.775299 2.538725 
0.775667 2.538379 
0.775981 2.537982 
0.776275 2.537562 
0.776809 2.537217 
0.777525 2.536687 
0.777486 2.536300 
0.778030 2.535904 
0.778201 2.535655 
0.778618 2.535167 
0.778916 2.534909 
0.779311 2.534407 
0.779787 2.533893 
0.779760 2.533637 
0.780098 2.533276 
0.780525 2.532862 
0.781185 2.532289 
0.781299 2.532043 
0.781402 2.531404 
0.781905 2.531293 
0.782428 2.530747 
0.782451 2.530555 
0.782758 2.530210 
0.783008 2.529778 
0.783371 2.529431 
0.783641 2.529042 
0.783956 2.528691 
0.784256 2.528330 
0.784523 2.527941 
0.784817 2.527533 
0.785137 2.527115 
0.785433 2.526719 
0.785730 2.526300 
0.786038 2.525899 
0.786354 2.525503 
0.786656 2.525097 
0.786967 2.524676 
0.787283 2.524256 
0.787580 2.523849 
0.787917 2.523418 
0.788202 2.523027 
0.788494 2.522630 
0.788808 2.522209 
0.789111 2.521806 
0.789651 2.521247 
0.789786 2.520990 
0.790252 2.520389 
0.790573 2.519996 
0.790616 2.519769 
0.790935 2.519386 
0.791386 2.518754 
0.791766 2.518371 
0.791757 2.518103 
0.792350 2.517562 
0.792341 2.517249 
0.792653 2.516930 
0.792889 2.516431 
0.793215 2.516041 
0.793540 2.515695 
0.793919 2.515253 
0.794402 2.514628 
0.794466 2.514378 
0.794680 2.513857 
0.794737 2.513522 
0.795154 2.513205 
0.795401 2.512816 
0.795605 2.512414 
0.796006 2.511928 
0.796402 2.511415 
0.796337 2.511162 
0.796727 2.510647 
0.796961 2.510353 
0.797216 2.509854 
0.797424 2.509455 
0.797731 2.509065 
0.797984 2.508690 
0.798283 2.508205 
0.798643 2.507603 
0.798810 2.507250 
0.799047 2.506902 
0.799287 2.506417 
0.799551 2.505969 
0.799818 2.505477 
0.800068 2.505043 
0.800338 2.504576 
0.800601 2.504127 
0.800832 2.503706 
0.801093 2.503267 
0.801353 2.502795 
0.801606 2.502340 
0.801862 2.501910 
0.802106 2.501474 
0.802367 2.501024 
0.802600 2.500581 
0.802851 2.500126 
0.803098 2.499680 
0.803346 2.499235 
0.803602 2.498770 
0.803830 2.498359 
0.804071 2.497921 
0.804294 2.497519 
0.804522 2.497107 
0.804758 2.496678 
0.804996 2.496250 
0.805221 2.495837 
0.805469 2.495415 
0.805567 2.494942 
0.805884 2.494410 
0.806054 2.493968 
0.806297 2.493656 
0.806480 2.493196 
0.806725 2.492749 
0.806976 2.492294 
0.807219 2.491857 
0.807463 2.491433 
0.807499 2.490539 
0.807723 2.490183 
0.808073 2.489863 
0.808500 2.489367 
0.808528 2.488788 
0.808726 2.488612 
0.808885 2.488186 
0.809057 2.487722 
0.809297 2.487328 
0.809591 2.486805 
0.809923 2.486177 
0.809976 2.485807 
0.810176 2.485392 
0.810357 2.485001 
0.810593 2.484583 
0.810779 2.484103 
0.811003 2.483643 
0.811194 2.483178 
0.811384 2.482734 
0.811583 2.482285 
0.811778 2.481822 
0.811981 2.481340 
0.812187 2.480859 
0.812373 2.480413 
0.812538 2.479956 
0.812727 2.479489 
0.812914 2.479044 
0.813092 2.478606 
0.813274 2.478146 
0.813487 2.477396 
0.813657 2.477079 
0.813863 2.476597 
0.813929 2.476018 
0.814265 2.475724 
0.814275 2.475306 
0.814529 2.474726 
0.814645 2.474185 
0.814845 2.474079 
0.814950 2.473405 
0.815149 2.472887 
0.815278 2.472444 
0.815446 2.472115 
0.815607 2.471609 
0.815818 2.471109 
0.815992 2.470337 
0.816180 2.469800 
0.816314 2.469360 
0.816457 2.469005 
0.816618 2.468534 
0.816823 2.467620 
0.816964 2.467137 
0.817149 2.466898 
0.817308 2.466540 
0.817351 2.465912 
0.817548 2.465473 
0.817688 2.465001 
0.817849 2.464313 
0.818010 2.463694 
0.818295 2.463314 
0.818334 2.462878 
0.818470 2.462543 
0.818597 2.461996 
0.818787 2.461541 
0.818870 2.460913 
0.819083 2.460574 
0.819184 2.460081 
0.819374 2.459649 
0.819578 2.458905 
0.819568 2.458259 
0.819886 2.458013 
0.820053 2.457773 
0.820051 2.457121 
0.820275 2.456822 
0.820376 2.456329 
0.820554 2.455673 
0.820635 2.455239 
0.820868 2.454865 
0.821060 2.454022 
0.821190 2.453591 
0.821334 2.453042 
0.821491 2.452935 
0.821698 2.452456 
0.821760 2.451735 
0.821930 2.451132 
0.822022 2.450886 
0.822205 2.450427 
0.822335 2.449951 
0.822555 2.449204 
0.822681 2.448588 
0.822824 2.448485 
0.823033 2.447709 
0.823198 2.447206 
0.823291 2.446709 
0.823474 2.446559 
0.823640 2.446034 
0.823833 2.445546 
0.824042 2.444885 
0.824090 2.444534 
0.824249 2.443902 
0.824379 2.443551 
0.824494 2.442711 
0.824674 2.442400 
0.824769 2.442019 
0.824961 2.441634 
0.825069 2.441145 
0.825287 2.440431 
0.825422 2.439854 
0.825488 2.439742 
0.825707 2.439304 
0.825787 2.438776 
0.825956 2.438356 
0.826115 2.437644 
0.826238 2.437335 
0.826286 2.436824 
0.826500 2.436542 
0.826629 2.436031 
0.826788 2.435467 
0.826939 2.435048 
0.827123 2.434328 
0.827342 2.433785 
0.827397 2.433587 
0.827647 2.433143 
0.827693 2.432563 
0.827902 2.431822 
0.828124 2.431258 
0.828252 2.431055 
0.828379 2.430143 
0.828462 2.429800 
0.828575 2.429405 
0.828857 2.429013 
0.828977 2.428474 
0.829149 2.428008 
0.829296 2.427531 
0.829464 2.427006 
0.829629 2.426515 
0.829789 2.426044 
0.829947 2.425582 
0.830074 2.425070 
0.830248 2.424583 
0.830414 2.424081 
0.830548 2.423561 
0.830724 2.423064 
0.830867 2.422537 
0.831030 2.422056 
0.831199 2.421579 
0.831312 2.421104 
0.831489 2.420641 
0.831543 2.420123 
0.831819 2.419304 
0.831915 2.419175 
0.832058 2.418728 
0.832156 2.417971 
0.832240 2.417777 
0.832478 2.417121 
0.832547 2.416679 
0.832770 2.416001 
0.832977 2.415659 
0.833136 2.415142 
0.833194 2.414888 
0.833307 2.414357 
0.833433 2.413855 
0.833652 2.413096 
0.833795 2.412901 
0.833953 2.412406 
0.834080 2.411859 
0.834246 2.411437 
0.834430 2.410772 
0.834569 2.410438 
0.834723 2.409929 
0.834887 2.409414 
0.835078 2.408926 
0.835228 2.408438 
0.835387 2.407943 
0.835548 2.407460 
0.835709 2.406966 
0.835823 2.406435 
0.835986 2.405944 
0.836110 2.405441 
0.836282 2.404975 
0.836408 2.404497 
0.836578 2.404007 
0.836734 2.403512 
0.836873 2.402674 
0.836951 2.402500 
0.837623 2.401957 
0.837681 2.401727 
0.837992 2.401282 
0.837660 2.400481 
0.837815 2.399995 
0.837880 2.399540 
0.837986 2.399108 
0.838093 2.398480 
0.838336 2.398284 
0.838457 2.397825 
0.838558 2.397390 
0.838693 2.396893 
0.839263 2.396534 
0.839326 2.396032 
0.839431 2.395598 
0.839375 2.394973 
0.839416 2.394276 
0.839586 2.393924 
0.839788 2.393453 
0.839936 2.392929 
0.840072 2.392296 
0.840255 2.391598 
0.840374 2.391355 
0.840482 2.390524 
0.840719 2.390437 
0.840901 2.389612 
0.841162 2.389185 
0.841162 2.388751 
0.841460 2.388322 
0.841443 2.387798 
0.841596 2.387403 
0.841795 2.386987 
0.841890 2.386401 
0.842101 2.386014 
0.842238 2.385198 
0.842525 2.384694 
0.842590 2.384319 
0.842813 2.383802 
0.842948 2.383421 
0.843075 2.382954 
0.843198 2.382450 
0.843343 2.382028 
0.843513 2.381573 
0.843651 2.381112 
0.843811 2.380641 
0.843939 2.380152 
0.844084 2.379695 
0.844227 2.379225 
0.844360 2.378785 
0.844503 2.378327 
0.844675 2.377839 
0.844832 2.377343 
0.844999 2.376875 
0.845142 2.376372 
0.845285 2.375891 
0.845406 2.375398 
0.845565 2.374914 
0.845711 2.374115 
0.845853 2.373645 
0.846037 2.373062 
0.846102 2.372846 
0.846316 2.372404 
0.846517 2.371636 
0.846679 2.371109 
0.846719 2.370742 
0.846908 2.370390 
0.847085 2.369894 
0.847263 2.369032 
0.847383 2.368916 
0.847499 2.368374 
0.847717 2.367729 
0.847861 2.367111 
0.847997 2.366947 
0.848177 2.366235 
0.848275 2.365969 
0.848452 2.365222 
0.848486 2.364977 
0.848723 2.364514 
0.848862 2.363986 
0.849102 2.363318 
0.849233 2.362751 
0.849353 2.362623 
0.849491 2.362129 
0.849638 2.361386 
0.849776 2.361188 
0.849963 2.360481 
0.850076 2.360121 
0.850238 2.359673 
0.850453 2.359072 
0.850458 2.358846 
0.850731 2.358414 
0.851054 2.358000 
0.851159 2.357475 
0.851372 2.356895 
0.851647 2.356624 
0.851858 2.355873 
0.851690 2.355413 
0.852006 2.354812 
0.852197 2.354380 
0.852259 2.353992 
0.852403 2.353306 
0.852759 2.352920 
0.852734 2.352335 
0.853046 2.351902 
0.853234 2.351537 
0.853368 2.350903 
0.853449 2.350513 
0.853617 2.350070 
0.853827 2.349580 
0.854131 2.349051 
0.854178 2.348288 
0.854558 2.348246 
0.854186 2.347207 
0.854490 2.346895 
0.854414 2.346065 
0.854733 2.345624 
0.854810 2.345164 
0.854830 2.344535 
0.855104 2.344013 
0.855055 2.343540 
0.855515 2.343314 
0.855487 2.342773 
0.855487 2.342374 
0.855767 2.342037 
0.855865 2.341531 
0.856155 2.340800 
0.856311 2.340464 
0.856520 2.340088 
0.856842 2.339660 
0.856903 2.339180 
0.856806 2.338510 
0.856741 2.338074 
0.857023 2.337704 
0.857077 2.337208 
0.857439 2.336563 
0.857572 2.336133 
0.857736 2.335789 
0.857758 2.335288 
0.857957 2.334449 
0.857913 2.334197 
0.858361 2.333827 
0.858536 2.333090 
0.858656 2.332528 
0.858835 2.332033 
0.859368 2.331927 
0.859904 2.331606 
0.859701 2.331141 
0.860043 2.330563 
0.860332 2.330312 
0.860430 2.329817 
0.860040 2.329043 
0.860058 2.328482 
0.860282 2.327898 
0.860468 2.327589 
0.860270 2.326909 
0.860309 2.326359 
0.860433 2.325536 
0.860625 2.324968 
0.860726 2.324829 
0.861077 2.324430 
0.861226 2.323803 
0.861471 2.323242 
0.861588 2.322689 
0.861709 2.322562 
0.861810 2.322058 
0.861995 2.321268 
0.862048 2.321013 
0.862193 2.320453 
0.862406 2.320262 
0.862555 2.319739 
0.862738 2.318926 
0.862874 2.318555 
0.863122 2.317995 
0.863162 2.317606 
0.863341 2.317351 
0.863470 2.316851 
0.863586 2.316344 
0.863744 2.315860 
0.863965 2.315103 
0.864054 2.314831 
0.864283 2.314101 
0.864344 2.313759 
0.864561 2.313307 
0.864713 2.312797 
0.864840 2.312261 
0.865057 2.311535 
0.865163 2.311194 
0.865347 2.310462 
0.865542 2.310295 
0.865657 2.309707 
0.865790 2.309210 
0.865977 2.308742 
0.866199 2.308030 
0.866329 2.307474 
0.866518 2.307315 
0.866636 2.306798 
0.866734 2.306247 
0.866852 2.305741 
0.867084 2.305251 
0.867252 2.304830 
0.867352 2.303937 
0.867544 2.303884 
0.867625 2.303381 
0.867822 2.302598 
0.867946 2.302472 
0.868074 2.301892 
0.868281 2.301195 
0.868343 2.301058 
0.868512 2.300626 
0.868620 2.300137 
0.868781 2.299631 
0.868895 2.299009 
0.869096 2.298629 
0.869266 2.297912 
0.869422 2.297494 
0.869533 2.297144 
0.869702 2.296678 
0.869894 2.295837 
0.869968 2.295626 
0.870136 2.295170 
0.870400 2.294334 
0.870477 2.294044 
0.870663 2.293382 
0.870721 2.293026 
0.870876 2.292722 
0.871125 2.291936 
0.871280 2.291426 
0.871344 2.290856 
0.871472 2.290767 
0.871643 2.290279 
0.871843 2.289544 
0.871973 2.289125 
0.872138 2.288793 
0.872273 2.288330 
0.872471 2.287617 
0.872567 2.287305 
0.872766 2.286546 
0.872895 2.286355 
0.873068 2.285869 
0.873244 2.285062 
0.873508 2.284740 
0.873759 2.284204 
0.873754 2.283996 
0.873968 2.283463 
0.873919 2.282739 
0.874035 2.282266 
0.874055 2.281695 
0.874304 2.281614 
0.874440 2.281176 
0.874553 2.280667 
0.874769 2.279872 
0.874928 2.279503 
0.874830 2.278890 
0.875276 2.278621 
0.875492 2.278227 
0.875860 2.277757 
0.875875 2.277330 
0.875901 2.276774 
0.876242 2.276127 
0.876187 2.275812 
0.876297 2.275165 
0.876419 2.274466 
0.876626 2.274055 
0.876755 2.273748 
0.877000 2.273255 
0.877165 2.272731 
0.877180 2.272076 
0.877446 2.271709 
0.877617 2.271254 
0.877735 2.270406 
0.877975 2.269876 
0.878167 2.269558 
0.878237 2.269095 
0.878368 2.268779 
0.878722 2.268118 
0.878781 2.267637 
0.878646 2.266853 
0.878846 2.266689 
0.879156 2.266232 
0.879271 2.265816 
0.879510 2.265058 
0.879917 2.264700 
0.879716 2.263982 
0.879907 2.263642 
0.880023 2.263410 
0.880136 2.262786 
0.880249 2.262415 
0.880410 2.261761 
0.880613 2.261324 
0.880685 2.260873 
0.880812 2.260509 
0.881036 2.259993 
0.881187 2.259551 
0.881339 2.259018 
0.881704 2.258375 
0.881809 2.258044 
0.881813 2.257315 
0.882084 2.256985 
0.882166 2.256584 
0.882406 2.255883 
0.882601 2.255534 
0.882210 2.254620 
0.882666 2.254302 
0.882750 2.253891 
0.882991 2.253601 
0.883021 2.252773 
0.883445 2.252481 
0.883664 2.252237 
0.883758 2.251706 
0.883946 2.251044 
0.883795 2.250378 
0.884192 2.249901 
0.884432 2.249404 
0.884491 2.249221 
0.884549 2.248555 
0.884403 2.247778 
0.884777 2.247391 
0.885290 2.247092 
0.885072 2.246639 
0.885208 2.245972 
0.885268 2.245697 
0.885639 2.245125 
0.885647 2.244752 
0.885878 2.244263 
0.885977 2.243929 
0.886202 2.243437 
0.886442 2.242894 
0.886358 2.242483 
0.886498 2.242046 
0.886651 2.241662 
0.886945 2.240933 
0.887128 2.240532 
0.887099 2.240036 
0.887117 2.239588 
0.887343 2.238868 
0.888065 2.238707 
0.887955 2.238212 
0.888182 2.237629 
0.888336 2.237109 
0.888440 2.236835 
0.889080 2.236205 
0.889404 2.235882 
0.889610 2.235665 
0.889795 2.235070 
0.889878 2.234658 
0.889802 2.233966 
0.888627 2.232756 
0.889097 2.232285 
0.889237 2.231769 
0.890023 2.231563 
0.889898 2.231014 
0.890062 2.230419 
0.890366 2.230072 
0.890524 2.229510 
0.890581 2.229231 
0.890621 2.228374 
0.890739 2.228051 
0.891082 2.227487 
0.891157 2.227197 
0.891272 2.226609 
0.891445 2.225871 
0.891715 2.225848 
0.891945 2.225267 
0.891762 2.224697 
0.891802 2.224148 
0.892266 2.223708 
0.892562 2.223277 
0.892602 2.222968 
0.892615 2.222312 
0.892755 2.221624 
0.893085 2.221292 
0.893282 2.221092 
0.893330 2.220331 
0.893492 2.220066 
0.893767 2.219339 
0.893780 2.218980 
0.893955 2.218311 
0.894249 2.218017 
0.894448 2.217555 
0.894630 2.217245 
0.895212 2.216619 
0.895391 2.216249 
0.895396 2.215920 
0.895595 2.215493 
0.895582 2.214560 
0.895567 2.214186 
0.895873 2.213635 
0.895831 2.213190 
0.895916 2.212380 
0.896164 2.212117 
0.896116 2.211542 
0.896264 2.210995 
0.896342 2.210581 
0.896535 2.209877 
0.896728 2.209355 
0.896920 2.209199 
0.896894 2.208647 
0.897224 2.207927 
0.897370 2.207573 
0.897479 2.207028 
0.897551 2.206725 
0.897884 2.206394 
0.897923 2.205868 
0.898306 2.205188 
0.898507 2.204911 
0.898768 2.204633 
0.898774 2.204018 
0.898877 2.203710 
0.898939 2.203230 
0.899160 2.202770 
0.899317 2.202274 
0.899554 2.201868 
0.899634 2.201033 
0.899589 2.200493 
0.899745 2.200237 
0.899938 2.199760 
0.900074 2.199253 
0.900373 2.198584 
0.900181 2.197884 
0.900622 2.197580 
0.900380 2.196932 
0.900164 2.196058 
0.900707 2.195695 
0.901081 2.195445 
0.901134 2.195097 
0.901227 2.194246 
0.901338 2.193724 
0.901488 2.193351 
0.901827 2.192966 
0.901777 2.192448 
0.902028 2.192129 
0.902098 2.191620 
0.902330 2.190857 
0.902401 2.190644 
0.902769 2.189945 
0.902825 2.189382 
0.902840 2.189094 
0.903040 2.188621 
0.903245 2.188118 
0.903431 2.187341 
0.903628 2.186992 
0.903746 2.186475 
0.903820 2.185841 
0.903962 2.185463 
0.904086 2.185200 
0.904103 2.184547 
0.904332 2.184033 
0.904366 2.183653 
0.904581 2.183371 
0.904702 2.182913 
0.904879 2.182142 
0.904943 2.181743 
0.905095 2.181153 
0.905308 2.180940 
0.905503 2.180487 
0.905624 2.179995 
0.905928 2.179420 
0.905914 2.178635 
0.906164 2.178327 
0.906091 2.177899 
0.906287 2.177276 
0.906486 2.176941 
0.906530 2.176051 
0.906702 2.175940 
0.906973 2.175370 
0.907119 2.174674 
0.907326 2.174331 
0.907583 2.173993 
0.907683 2.173489 
0.907568 2.172625 
0.907732 2.172385 
0.908043 2.171997 
0.908140 2.171456 
0.908274 2.170696 
0.908485 2.170539 
0.908782 2.170074 
0.908918 2.169441 
0.909313 2.168962 
0.909201 2.168364 
0.909604 2.168072 
0.910073 2.167771 
0.910239 2.167292 
0.910598 2.167124 
0.910833 2.166799 
0.910763 2.166143 
0.910358 2.165371 
0.909947 2.164630 
0.909885 2.164069 
0.909940 2.163564 
0.910062 2.163082 
0.910028 2.162172 
0.910399 2.162137 
0.910904 2.161502 
0.911086 2.161100 
0.911133 2.160726 
0.911875 2.160359 
0.912234 2.160112 
0.912165 2.159319 
0.912242 2.159088 
0.912535 2.158530 
0.912722 2.158143 
0.912844 2.157330 
0.913098 2.156934 
0.913143 2.156387 
0.913423 2.156118 
0.913388 2.155551 
0.913949 2.155038 
0.914213 2.154625 
0.913613 2.153721 
0.913869 2.153280 
0.914098 2.152767 
0.914298 2.152581 
0.914408 2.152070 
0.914583 2.151435 
0.914612 2.150754 
0.914924 2.150275 
0.915035 2.150005 
0.915296 2.149522 
0.915442 2.149088 
0.915508 2.148542 
0.915739 2.148110 
0.915929 2.147461 
0.916036 2.147154 
0.916274 2.146680 
0.916253 2.145880 
0.916474 2.145568 
0.916738 2.145177 
0.916963 2.144867 
0.916798 2.144228 
0.916521 2.143504 
0.916900 2.143108 
0.917253 2.142880 
0.917210 2.142067 
0.916741 2.141293 
0.917207 2.141026 
0.917675 2.140587 
0.917884 2.140212 
0.917990 2.139916 
0.918213 2.139170 
0.918399 2.138976 
0.918432 2.138252 
0.918626 2.137845 
0.918805 2.137224 
0.919000 2.136955 
0.919156 2.136505 
0.919349 2.135982 
0.919569 2.135453 
0.919719 2.135056 
0.919805 2.134544 
0.919897 2.134012 
0.920234 2.133296 
0.920305 2.133083 
0.920431 2.132582 
0.920471 2.131769 
0.920781 2.131392 
0.920828 2.130916 
0.920883 2.130364 
0.921025 2.130008 
0.921297 2.129655 
0.921433 2.129148 
0.921746 2.128772 
0.921866 2.127959 
0.921832 2.127586 
0.922138 2.127001 
0.922229 2.126800 
0.922464 2.126072 
0.922810 2.125773 
0.922979 2.125352 
0.923084 2.125159 
0.923318 2.124420 
0.923503 2.124133 
0.923698 2.123795 
0.923861 2.123315 
0.924073 2.122848 
0.923788 2.122143 
0.924281 2.121479 
0.924265 2.121264 
0.924349 2.120590 
0.924322 2.119764 
0.924520 2.119450 
0.924698 2.119047 
0.924868 2.118273 
0.925043 2.118107 
0.925012 2.117244 
0.925383 2.116911 
0.925603 2.116565 
0.925890 2.116163 
0.926081 2.115435 
0.926188 2.114843 
0.926295 2.114628 
0.926382 2.114071 
0.926428 2.113558 
0.926785 2.112865 
0.926975 2.112456 
0.927040 2.111978 
0.927173 2.111332 
0.927257 2.111116 
0.927226 2.110481 
0.927540 2.110071 
0.927636 2.109359 
0.927700 2.109029 
0.927772 2.108543 
0.927888 2.108048 
0.928156 2.107521 
0.928186 2.106978 
0.928269 2.106613 
0.928490 2.105923 
0.928871 2.105586 
0.929050 2.105285 
0.929221 2.104786 
0.929232 2.104231 
0.929466 2.103767 
0.929564 2.103398 
0.929796 2.102966 
0.929878 2.102177 
0.929855 2.101594 
0.929966 2.101221 
0.930237 2.100857 
0.930581 2.100395 
0.930397 2.099620 
0.930518 2.099057 
0.931021 2.098913 
0.930889 2.098189 
0.930996 2.097756 
0.931158 2.097081 
0.931663 2.096789 
0.931865 2.096408 
0.931816 2.095856 
0.931618 2.095095 
0.931788 2.094698 
0.931912 2.094344 
0.932186 2.093753 
0.932292 2.093149 
0.932467 2.092925 
0.932900 2.092662 
0.933113 2.091922 
0.932980 2.091244 
0.933649 2.090974 
0.933345 2.090554 
0.933577 2.090123 
0.933896 2.089762 
0.933926 2.089059 
0.934301 2.088660 
0.934607 2.088258 
0.934614 2.087600 
0.934896 2.087218 
0.934958 2.086761 
0.935118 2.086632 
0.935050 2.086012 
0.935023 2.085220 
0.935263 2.084908 
0.935267 2.084499 
0.935339 2.083864 
0.935424 2.083465 
0.935811 2.083164 
0.935888 2.082247 
0.936005 2.082106 
0.936355 2.081592 
0.936355 2.080861 
0.936460 2.080382 
0.936483 2.079903 
0.936774 2.079367 
0.937025 2.078854 
0.937081 2.078188 
0.937198 2.077933 
0.937348 2.077101 
0.937865 2.076793 
0.937696 2.076312 
0.937880 2.075968 
0.938215 2.075376 
0.938282 2.074670 
0.938461 2.074461 
0.938570 2.073698 
0.938686 2.073351 
0.938903 2.072876 
0.939066 2.072488 
0.939279 2.071919 
0.939558 2.071502 
0.939158 2.070595 
0.939567 2.070250 
0.939878 2.069908 
0.939961 2.069520 
0.940282 2.069035 
0.940138 2.068223 
0.940216 2.067786 
0.940657 2.067460 
0.940674 2.067149 
0.940921 2.066554 
0.940982 2.066153 
0.940964 2.065435 
0.941428 2.065086 
0.941572 2.064823 
0.941697 2.064046 
0.941787 2.063810 
0.941400 2.062763 
0.941806 2.062553 
0.942160 2.062121 
0.942234 2.061533 
0.942407 2.061137 
0.942559 2.060753 
0.942764 2.060340 
0.942851 2.059805 
0.943118 2.059417 
0.943158 2.058844 
0.943548 2.058215 
0.943778 2.057827 
0.943954 2.057365 
0.943926 2.057006 
0.944131 2.056536 
0.944336 2.055942 
0.944363 2.055317 
0.944356 2.054787 
0.944774 2.054355 
0.944912 2.054078 
0.944926 2.053263 
0.945064 2.052939 
0.945079 2.052205 
0.945280 2.051814 
0.945551 2.051529 
0.945723 2.051132 
0.946020 2.050737 
0.946356 2.050259 
0.945952 2.049305 
0.946107 2.048968 
0.946457 2.048612 
0.946717 2.048152 
0.946726 2.047711 
0.946837 2.047441 
0.947139 2.047060 
0.947388 2.046488 
0.947646 2.045980 
0.947723 2.045737 
0.948089 2.045219 
0.947572 2.044236 
0.948208 2.044302 
0.948188 2.043525 
0.948448 2.042995 
0.948522 2.042590 
0.948598 2.042129 
0.948627 2.041529 
0.948795 2.040880 
0.948937 2.040386 
0.949358 2.039762 
0.949272 2.039486 
0.949783 2.039037 
0.949902 2.038486 
0.949767 2.037714 
0.950412 2.037534 
0.950463 2.037001 
0.950710 2.036614 
0.950716 2.036125 
0.950583 2.035583 
0.950434 2.034952 
0.950493 2.034403 
0.951135 2.034174 
0.951461 2.033738 
0.951824 2.033367 
0.951913 2.032799 
0.952070 2.032303 
0.952025 2.031547 
0.952279 2.031219 
0.952735 2.030671 
0.952725 2.030300 
0.952840 2.029941 
0.952962 2.029449 
0.953141 2.028976 
0.953084 2.028201 
0.953081 2.027720 
0.953361 2.027339 
0.953219 2.026620 
0.953439 2.026376 
0.953578 2.025904 
0.953684 2.025186 
0.953796 2.024814 
0.953908 2.024224 
0.954209 2.023899 
0.954322 2.023401 
0.954505 2.022954 
0.954649 2.022463 
0.954825 2.021988 
0.955100 2.021410 
0.955005 2.020717 
0.955295 2.020534 
0.955422 2.019793 
0.955531 2.019477 
0.955540 2.018898 
0.955742 2.018427 
0.955997 2.017609 
0.956297 2.017283 
0.956361 2.017022 
0.956542 2.016459 
0.956574 2.015951 
0.956750 2.015511 
0.956996 2.014768 
0.956998 2.014483 
0.957273 2.013847 
0.957351 2.013375 
0.957542 2.012910 
0.957761 2.012517 
0.957705 2.011789 
0.958099 2.011744 
0.958039 2.010934 
0.958272 2.010411 
0.958166 2.010113 
0.958397 2.009715 
0.958870 2.009108 
0.958902 2.008692 
0.958887 2.008237 
0.959038 2.007807 
0.959217 2.007472 
0.959347 2.006937 
0.959509 2.006491 
0.959805 2.005957 
0.959117 2.004902 
0.959926 2.004825 
0.959840 2.003999 
0.959999 2.003676 
0.960198 2.003411 
0.960249 2.002821 
0.960589 2.002427 
0.960722 2.001894 
0.960872 2.001395 
0.961043 2.000907 
0.961221 2.000411 
0.961420 1.999939 
0.961634 1.999474 
0.961886 1.999008 
0.962190 1.998512 
0.962383 1.997900 
0.962314 1.997576 
0.962704 1.997048 
0.962570 1.996277 
0.962943 1.995958 
0.962955 1.995565 
0.963118 1.994970 
0.963364 1.994602 
0.963504 1.994086 
0.963945 1.993576 
0.963696 1.992798 
0.963676 1.992455 
0.964010 1.992035 
0.964110 1.991382 
0.964243 1.991089 
0.964491 1.990712 
0.964579 1.989916 
0.964664 1.989666 
0.964652 1.988974 
0.964940 1.988607 
0.965068 1.988243 
0.965244 1.987883 
0.965542 1.987409 
0.965401 1.986496 
0.965512 1.986067 
0.965795 1.985720 
0.965998 1.985398 
0.966138 1.984950 
0.966171 1.984134 
0.966361 1.983680 
0.966458 1.983321 
0.966672 1.982891 
0.966961 1.982183 
0.967111 1.981957 
0.967325 1.981482 
0.967279 1.980805 
0.967294 1.980024 
0.967401 1.979753 
0.967941 1.979240 
0.968283 1.978834 
0.968247 1.978313 
0.968257 1.977895 
0.968546 1.977278 
0.968661 1.976930 
0.968725 1.976440 
0.968973 1.976018 
0.969126 1.975393 
0.969359 1.974996 
0.969400 1.974276 
0.969608 1.973911 
0.969849 1.973450 
0.969669 1.972710 
0.969865 1.972397 
0.970069 1.972075 
0.970213 1.971446 
0.970517 1.971158 
0.970581 1.970416 
0.970772 1.970133 
0.970569 1.969369 
0.970719 1.969007 
0.971138 1.968599 
0.971252 1.968388 
0.971363 1.967855 
0.971489 1.967353 
0.971630 1.966859 
0.972031 1.966373 
0.972049 1.965765 
0.972301 1.965299 
0.972474 1.965006 
0.972553 1.964524 
0.972792 1.963834 
0.972643 1.963158 
0.972772 1.962852 
0.973075 1.962276 
0.973251 1.961768 
0.973601 1.961367 
0.973728 1.960786 
0.973765 1.960155 
0.973726 1.959586 
0.973919 1.959235 
0.974196 1.958771 
0.974064 1.957978 
0.974367 1.957540 
0.974216 1.956943 
0.974515 1.956491 
0.974623 1.956048 
0.975113 1.955622 
0.975217 1.955063 
0.975356 1.954625 
0.975642 1.954246 
0.975647 1.953700 
0.975963 1.953178 
0.975964 1.952551 
0.975975 1.952237 
0.976245 1.951975 
0.976361 1.951513 
0.976534 1.951038 
0.976731 1.950449 
0.976880 1.949983 
0.976875 1.949386 
0.977129 1.949047 
0.977417 1.948578 
0.977367 1.948082 
0.977604 1.947800 
0.977837 1.947187 
0.977771 1.946591 
0.978243 1.946258 
0.978143 1.945791 
0.978205 1.945002 
0.978095 1.944484 
0.978641 1.944135 
0.978920 1.943752 
0.978869 1.942993 
0.979163 1.942619 
0.979310 1.942231 
0.979451 1.941578 
0.979597 1.941212 
0.979709 1.940784 
0.979992 1.940311 
0.979766 1.939478 
0.980053 1.939340 
0.980238 1.938676 
0.980516 1.938441 
0.980608 1.937932 
0.980756 1.937123 
0.980813 1.936891 
0.981122 1.936308 
0.981207 1.935967 
0.981337 1.935411 
0.981583 1.934895 
0.981587 1.934189 
0.981696 1.933781 
0.982071 1.933360 
0.982252 1.932945 
0.982277 1.932479 
0.982476 1.931995 
0.982461 1.931359 
0.982631 1.930893 
0.982860 1.930528 
0.982968 1.929983 
0.983016 1.929517 
0.983268 1.929211 
0.983557 1.928560 
0.983682 1.928252 
0.983842 1.927883 
0.983862 1.927356 
0.984037 1.926631 
0.984235 1.926158 
0.984319 1.925770 
0.984410 1.925157 
0.984555 1.924850 
0.984724 1.924235 
0.984846 1.923799 
0.985009 1.923329 
0.985044 1.922731 
0.985492 1.922111 
0.985783 1.921621 
0.985413 1.920776 
0.985811 1.920505 
0.985918 1.920026 
0.986166 1.919548 
0.986538 1.919193 
0.986805 1.918654 
0.986990 1.918402 
0.986846 1.917592 
0.986994 1.917308 
0.987200 1.916634 
0.987258 1.916254 
0.987414 1.915803 
0.987504 1.914996 
0.987670 1.914631 
0.987819 1.914314 
0.988014 1.913815 
0.988156 1.913380 
0.988317 1.912920 
0.988395 1.912426 
0.988543 1.911732 
0.988705 1.911158 
0.988832 1.910772 
0.989092 1.910321 
0.989113 1.910104 
0.989262 1.909341 
0.989469 1.909158 
0.989532 1.908576 
0.989754 1.907877 
0.989898 1.907350 
0.990160 1.906992 
0.990182 1.906605 
0.990408 1.906250 
0.990411 1.905303 
0.990588 1.905150 
0.990983 1.904648 
0.990913 1.903832 
0.991308 1.903799 
0.991146 1.903127 
0.991395 1.902579 
0.991426 1.902173 
0.991759 1.901581 
0.991897 1.901200 
0.991950 1.900738 
0.992150 1.900288 
0.992201 1.899711 
0.992424 1.899068 
0.992476 1.898766 
0.992719 1.897998 
0.993040 1.897798 
0.993039 1.897341 
0.993108 1.896830 
0.993328 1.896414 
0.993576 1.895649 
0.993811 1.895254 
0.993977 1.894774 
0.994045 1.894206 
0.994171 1.893739 
0.994393 1.893552 
0.994487 1.893067 
0.994625 1.892584 
0.994843 1.892122 
0.995098 1.891509 
0.995290 1.891330 
0.995277 1.890842 
0.995387 1.890103 
0.995641 1.889730 
0.995750 1.889333 
0.996006 1.888869 
0.996181 1.888405 
0.996157 1.887650 
0.996611 1.887409 
0.996626 1.886892 
0.996785 1.886340 
0.996770 1.885909 
0.996986 1.885308 
0.996678 1.884338 
0.996805 1.883963 
0.997263 1.883519 
0.997272 1.882941 
0.997399 1.882406 
0.997829 1.882027 
0.998061 1.881800 
0.997996 1.881251 
0.998225 1.880440 
0.998589 1.880252 
0.998289 1.879333 
0.998575 1.879012 
0.998689 1.878457 
0.998893 1.878091 
0.999451 1.877839 
0.999629 1.877183 
0.999886 1.876902 
0.999887 1.876297 
0.999904 1.875609 
1.000157 1.875281 
1.000435 1.874966 
1.000675 1.874436 
1.000557 1.873639 
1.000640 1.873206 
1.000935 1.873038 
1.000881 1.872425 
1.000786 1.871858 
1.001043 1.871315 
1.001317 1.870986 
1.001230 1.870252 
1.001371 1.870011 
1.001544 1.869490 
1.001539 1.868926 
1.001872 1.868505 
1.002105 1.867914 
1.002192 1.867528 
1.002366 1.867019 
1.002606 1.866683 
1.002534 1.865751 
1.002662 1.865240 
1.003319 1.864951 
1.003147 1.864639 
1.003379 1.863912 
1.003453 1.863655 
1.003521 1.863109 
1.003701 1.862672 
1.003765 1.861816 
1.003903 1.861321 
1.004381 1.861094 
1.004326 1.860549 
1.004661 1.860278 
1.004763 1.859522 
1.004712 1.859038 
1.004778 1.858617 
1.004977 1.858041 
1.005193 1.857693 
1.005578 1.857379 
1.005420 1.856686 
1.005858 1.856175 
1.005928 1.855653 
1.006018 1.855258 
1.006082 1.854825 
1.006270 1.854345 
1.006346 1.853622 
1.006639 1.853167 
1.006812 1.852817 
1.006744 1.852483 
1.007125 1.852076 
1.007290 1.851459 
1.007307 1.851102 
1.007371 1.850681 
1.007525 1.850091 
1.007766 1.849448 
1.007972 1.849311 
1.008032 1.848761 
1.008184 1.848285 
1.008366 1.847666 
1.008524 1.847170 
1.008578 1.846583 
1.008852 1.846026 
1.009056 1.845567 
1.009141 1.845032 
1.009284 1.844666 
1.009398 1.844169 
1.009589 1.843680 
1.009731 1.843141 
1.009923 1.842677 
1.010071 1.842222 
1.010216 1.841719 
1.010370 1.841221 
1.010497 1.840698 
1.010658 1.840238 
1.010829 1.839762 
1.010988 1.839267 
1.011140 1.838780 
1.011321 1.838286 
1.011428 1.837751 
1.011591 1.837235 
1.011775 1.836720 
1.011942 1.836184 
1.012357 1.835865 
1.012358 1.835134 
1.012581 1.834914 
1.012710 1.834426 
1.013028 1.833756 
1.012796 1.833126 
1.012901 1.832623 
1.013086 1.832280 
1.013097 1.831932 
1.013351 1.831455 
1.013333 1.830691 
1.013566 1.830226 
1.013761 1.830026 
1.013881 1.829383 
1.014074 1.828976 
1.014234 1.828573 
1.014447 1.828108 
1.014645 1.827623 
1.014745 1.827107 
1.014901 1.826634 
1.015056 1.826102 
1.015208 1.825637 
1.015385 1.825141 
1.015524 1.824647 
1.015649 1.824110 
1.015836 1.823609 
1.015983 1.823095 
1.016206 1.822648 
1.016495 1.822110 
1.016630 1.821648 
1.016513 1.820852 
1.016624 1.820548 
1.016849 1.819975 
1.017065 1.819477 
1.017134 1.819116 
1.017429 1.818456 
1.017561 1.818038 
1.017597 1.817441 
1.017678 1.816948 
1.017784 1.816527 
1.018010 1.816195 
1.018080 1.815719 
1.018357 1.815325 
1.018538 1.814602 
1.018799 1.814266 
1.018805 1.813743 
1.019001 1.813281 
1.019087 1.813066 
1.019095 1.812361 
1.019568 1.811972 
1.019377 1.811420 
1.019532 1.810901 
1.019897 1.810680 
1.019858 1.809859 
1.020014 1.809533 
1.020110 1.809072 
1.020540 1.808441 
1.020582 1.807973 
1.020754 1.807646 
1.020825 1.807137 
1.020993 1.806521 
1.021123 1.805987 
1.021290 1.805382 
1.021618 1.805004 
1.021607 1.804495 
1.021883 1.803939 
1.021936 1.803545 
1.022168 1.803148 
1.022220 1.802458 
1.022409 1.802059 
1.022630 1.801690 
1.022888 1.801055 
1.022987 1.800711 
1.023241 1.800211 
1.023224 1.799447 
1.023259 1.798850 
1.023602 1.798537 
1.023746 1.798159 
1.023949 1.797631 
1.024217 1.797129 
1.024312 1.796701 
1.024466 1.796306 
1.024781 1.795692 
1.024966 1.795509 
1.025201 1.795010 
1.025234 1.794537 
1.025166 1.793803 
1.025383 1.793465 
1.025820 1.793249 
1.026095 1.792693 
1.026136 1.792087 
1.026166 1.791693 
1.025595 1.790828 
1.025323 1.789936 
1.026468 1.790282 
1.026639 1.789601 
1.026814 1.789217 
1.026990 1.788788 
1.027081 1.788256 
1.027108 1.787528 
1.027367 1.786907 
1.027688 1.786616 
1.027662 1.786179 
1.027745 1.785538 
1.027795 1.784972 
1.027715 1.784322 
1.028047 1.783820 
1.028317 1.783421 
1.028505 1.782964 
1.028665 1.782654 
1.028751 1.782187 
1.029035 1.781750 
1.029015 1.781168 
1.029233 1.780728 
1.029440 1.780294 
1.029523 1.779472 
1.029721 1.779147 
1.029832 1.778729 
1.030042 1.778331 
1.030148 1.777566 
1.030202 1.777185 
1.030377 1.776824 
1.030405 1.776302 
1.030638 1.775666 
1.030761 1.775174 
1.030809 1.774720 
1.031078 1.774458 
1.031070 1.773940 
1.031397 1.773321 
1.031568 1.773004 
1.031794 1.772363 
1.031808 1.771822 
1.031581 1.771125 
1.031757 1.770697 
1.031977 1.770270 
1.032198 1.769627 
1.031934 1.769024 
1.032070 1.768607 
1.032806 1.768283 
1.033072 1.767916 
1.033017 1.767405 
1.033186 1.766757 
1.033628 1.766658 
1.033665 1.765891 
1.033828 1.765352 
1.034005 1.765142 
1.034062 1.764544 
1.033862 1.763943 
1.034340 1.763578 
1.034444 1.763007 
1.034790 1.762513 
1.034662 1.761802 
1.034969 1.761344 
1.035151 1.760896 
1.035297 1.760360 
1.035539 1.759785 
1.035529 1.759494 
1.035778 1.758786 
1.035884 1.758251 
1.035983 1.758008 
1.036203 1.757557 
1.036312 1.756888 
1.036511 1.756369 
1.036626 1.755884 
1.036844 1.755525 
1.037024 1.755166 
1.037044 1.754744 
1.037247 1.754376 
1.037562 1.753876 
1.037509 1.753299 
1.037000 1.752435 
1.037655 1.752192 
1.038028 1.751825 
1.038217 1.751302 
1.038269 1.750759 
1.038754 1.750582 
1.038459 1.749710 
1.038799 1.749430 
1.038693 1.748674 
1.038852 1.748260 
1.039094 1.747913 
1.039267 1.747369 
1.039107 1.746721 
1.039168 1.746057 
1.039559 1.745702 
1.039742 1.745220 
1.039827 1.744685 
1.040340 1.744294 
1.039959 1.743547 
1.040430 1.743339 
1.040710 1.742887 
1.040928 1.742609 
1.040916 1.741916 
1.040945 1.741270 
1.041071 1.740859 
1.041369 1.740395 
1.041647 1.740081 
1.041687 1.739486 
1.041624 1.738823 
1.041971 1.738660 
1.041951 1.737770 
1.042319 1.737527 
1.042220 1.736924 
1.042642 1.736609 
1.042832 1.736132 
1.042937 1.735824 
1.043042 1.735093 
1.043342 1.734882 
1.042737 1.733987 
1.043318 1.733829 
1.043194 1.733063 
1.043723 1.732819 
1.044145 1.732344 
1.044140 1.731918 
1.044303 1.731608 
1.044490 1.731027 
1.044288 1.730206 
1.044524 1.729799 
1.045069 1.729449 
1.044909 1.728995 
1.045240 1.728321 
1.045471 1.727855 
1.045559 1.727333 
1.045618 1.727010 
1.045895 1.726547 
1.045933 1.725962 
1.046360 1.725410 
1.046122 1.724742 
1.046631 1.724371 
1.046764 1.724034 
1.046997 1.723397 
1.047202 1.722939 
1.047307 1.722392 
1.047468 1.722000 
1.047516 1.721353 
1.047730 1.720911 
1.047947 1.720631 
1.047970 1.719936 
1.048033 1.719262 
1.048433 1.718980 
1.048846 1.718511 
1.048954 1.718114 
1.048922 1.717606 
1.048983 1.717102 
1.049222 1.716834 
1.049251 1.716314 
1.049599 1.715969 
1.049561 1.715422 
1.049703 1.714975 
1.050032 1.714357 
1.050167 1.713918 
1.050154 1.713408 
1.050402 1.712893 
1.050627 1.712377 
1.050549 1.711934 
1.050863 1.711548 
1.050848 1.710923 
1.051007 1.710508 
1.051251 1.710072 
1.051697 1.709530 
1.051146 1.708551 
1.051286 1.708172 
