0.000104 2.130633 
0.003386 2.135392 
0.006512 2.139478 
0.009714 2.143314 
0.013145 2.147732 
0.015846 2.151199 
0.018703 2.154434 
0.021720 2.158490 
0.025318 2.163468 
0.028398 2.167857 
0.031277 2.171558 
0.034536 2.175793 
0.037830 2.179753 
0.040476 2.183339 
0.043128 2.187143 
0.046454 2.191540 
0.049741 2.195641 
0.053150 2.200083 
0.056458 2.204191 
0.059034 2.207587 
0.062305 2.212269 
0.065300 2.215889 
0.068522 2.220046 
0.071751 2.224121 
0.074375 2.227449 
0.077720 2.231754 
0.080761 2.236140 
0.083739 2.240000 
0.087089 2.244211 
0.090527 2.248442 
0.093041 2.251818 
0.095853 2.255323 
0.099593 2.260770 
0.102412 2.264225 
0.105855 2.268644 
0.108997 2.272444 
0.111789 2.276138 
0.115032 2.280912 
0.117763 2.283810 
0.120749 2.287691 
0.123516 2.291710 
0.127138 2.296245 
0.130726 2.301086 
0.132896 2.303648 
0.136877 2.309246 
0.139397 2.312124 
0.143079 2.317335 
0.145702 2.320353 
0.148913 2.324520 
0.152068 2.329168 
0.154926 2.332521 
0.158299 2.336914 
0.161578 2.340771 
0.164409 2.344718 
0.167697 2.349353 
0.170295 2.352576 
0.173713 2.356919 
0.176870 2.361074 
0.180233 2.365180 
0.182749 2.368583 
0.186192 2.373479 
0.188991 2.376868 
0.192126 2.380912 
0.194827 2.384140 
0.198245 2.388704 
0.201099 2.392226 
0.205129 2.397933 
0.207646 2.400710 
0.210501 2.404512 
0.214320 2.409946 
0.216851 2.412693 
0.219782 2.416471 
0.223486 2.421808 
0.226217 2.424825 
0.229181 2.428791 
0.231825 2.432439 
0.235271 2.436767 
0.238961 2.441866 
0.242223 2.445651 
0.244692 2.449062 
0.248086 2.453863 
0.251054 2.457495 
0.254579 2.461973 
0.257654 2.465668 
0.260418 2.469376 
0.263710 2.474157 
0.266517 2.477655 
0.269674 2.481705 
0.273217 2.485865 
0.275811 2.489480 
0.279220 2.494428 
0.281827 2.497195 
0.284806 2.501054 
0.287732 2.505180 
0.291190 2.509509 
0.294581 2.514209 
0.297453 2.517755 
0.300653 2.522025 
0.304081 2.526370 
0.307201 2.530270 
0.309886 2.533634 
0.313314 2.538055 
0.316316 2.542470 
0.319029 2.545359 
0.322362 2.549542 
0.326116 2.554735 
0.328849 2.557585 
0.332034 2.561323 
0.335783 2.566223 
0.338627 2.569086 
0.342687 2.573451 
0.345003 2.575706 
0.350244 2.581194 
0.353591 2.584603 
0.355694 2.586066 
0.360348 2.590370 
0.363064 2.592675 
0.367946 2.596595 
0.370895 2.598763 
0.375606 2.602173 
0.380167 2.605256 
0.385485 2.608266 
0.389052 2.610525 
0.393182 2.612894 
0.397593 2.615236 
0.402172 2.617467 
0.406522 2.619475 
0.411113 2.621350 
0.416380 2.623434 
0.421328 2.625095 
0.426505 2.626876 
0.431824 2.628336 
0.436994 2.629827 
0.442781 2.631025 
0.449037 2.632050 
0.455239 2.633028 
0.461393 2.632558 
0.468874 2.633900 
0.474314 2.634692 
0.478766 2.636275 
0.486740 2.636315 
0.492258 2.636812 
0.499131 2.636413 
0.506657 2.637213 
0.515216 2.634376 
0.524547 2.632297 
0.531512 2.631290 
0.531719 2.633252 
0.533486 2.632782 
0.534400 2.632401 
0.535692 2.631880 
0.537459 2.631505 
0.538584 2.631504 
0.540065 2.630820 
0.540842 2.630695 
0.542316 2.630076 
0.543482 2.629712 
0.544716 2.629744 
0.546308 2.628952 
0.546611 2.628694 
0.549021 2.628972 
0.548656 2.627513 
0.551226 2.627489 
0.552128 2.626900 
0.553307 2.626758 
0.554759 2.626172 
0.555690 2.625824 
0.556795 2.625374 
0.558003 2.624895 
0.559684 2.624691 
0.560964 2.623760 
0.561343 2.623514 
0.562999 2.623115 
0.564471 2.622484 
0.565198 2.621783 
0.566181 2.621268 
0.566782 2.620997 
0.568341 2.620326 
0.569076 2.619748 
0.569887 2.619456 
0.571499 2.618746 
0.572298 2.618257 
0.573467 2.617717 
0.574034 2.617318 
0.576135 2.616575 
0.576206 2.616218 
0.577342 2.615716 
0.578368 2.615217 
0.579300 2.614551 
0.580309 2.613993 
0.581223 2.613340 
0.582156 2.612817 
0.583160 2.612221 
0.584060 2.611701 
0.584979 2.611146 
0.585865 2.610594 
0.586763 2.610024 
0.587662 2.609480 
0.588542 2.608865 
0.589458 2.608283 
0.590445 2.607653 
0.591381 2.607050 
0.592850 2.606297 
0.593131 2.605765 
0.594459 2.605161 
0.595148 2.604543 
0.596039 2.603910 
0.596887 2.603239 
0.597730 2.602577 
0.598518 2.601903 
0.599400 2.601265 
0.600282 2.600603 
0.601177 2.599892 
0.602034 2.599237 
0.602808 2.598591 
0.603545 2.597980 
0.604312 2.597377 
0.605075 2.596723 
0.605845 2.596085 
0.606696 2.595404 
0.607524 2.594720 
0.608257 2.594059 
0.609085 2.593351 
0.609925 2.592640 
0.610751 2.591884 
0.611526 2.591214 
0.612306 2.590537 
0.613279 2.589933 
0.614216 2.588998 
0.615348 2.588021 
0.615500 2.587691 
0.616758 2.586722 
0.616936 2.586268 
0.617566 2.585566 
0.618350 2.584913 
0.619485 2.583997 
0.619862 2.583549 
0.620409 2.582807 
0.621238 2.582136 
0.622251 2.581107 
0.623113 2.580221 
0.623736 2.579455 
0.624431 2.578712 
0.625232 2.577916 
0.625889 2.577148 
0.626598 2.576318 
0.627297 2.575553 
0.627955 2.574797 
0.628258 2.574469 
0.629286 2.573284 
0.629954 2.572476 
0.630631 2.571662 
0.631309 2.570835 
0.631423 2.570471 
0.632357 2.569393 
0.632727 2.569094 
0.633523 2.568095 
0.633809 2.567554 
0.634457 2.566828 
0.635143 2.566006 
0.635840 2.565193 
0.636569 2.563857 
0.636915 2.563577 
0.637600 2.562780 
0.638294 2.561952 
0.638823 2.561033 
0.639444 2.560325 
0.639945 2.558939 
0.640682 2.558623 
0.640935 2.557719 
0.642063 2.556527 
0.642213 2.556100 
0.642917 2.555351 
0.643769 2.554068 
0.644121 2.553568 
0.644677 2.552666 
0.644973 2.552120 
0.645454 2.551382 
0.645957 2.550470 
0.646403 2.549687 
0.647272 2.548982 
0.647498 2.547989 
0.648127 2.547062 
0.648625 2.546158 
0.649484 2.544714 
0.649752 2.544375 
0.650349 2.543558 
0.650779 2.542551 
0.651410 2.541283 
0.651995 2.540374 
0.652301 2.539964 
0.653116 2.538528 
0.653221 2.538074 
0.653774 2.537252 
0.654332 2.535926 
0.654721 2.535343 
0.655132 2.534350 
0.655511 2.533950 
0.655869 2.533006 
0.656360 2.531778 
0.657220 2.530653 
0.657249 2.530234 
0.657962 2.528853 
0.658278 2.528402 
0.658574 2.527429 
0.659171 2.526684 
0.659399 2.525597 
0.659934 2.524315 
0.660260 2.523539 
0.660613 2.522710 
0.660999 2.521901 
0.661398 2.520899 
0.661917 2.519430 
0.662160 2.518767 
0.662464 2.517836 
0.663011 2.517011 
0.663141 2.516230 
0.663519 2.515463 
0.663791 2.514510 
0.664222 2.513589 
0.664594 2.512606 
0.664977 2.511676 
0.665333 2.510660 
0.665725 2.509725 
0.666106 2.508676 
0.666481 2.507695 
0.666864 2.506648 
0.667228 2.505683 
0.667582 2.504701 
0.667949 2.503786 
0.668281 2.502801 
0.668654 2.501854 
0.669011 2.500861 
0.669403 2.499843 
0.669745 2.498924 
0.670048 2.498004 
0.670361 2.497102 
0.670872 2.495793 
0.671169 2.494644 
0.671629 2.493999 
0.671722 2.493207 
0.672078 2.492297 
0.672634 2.490720 
0.672967 2.490374 
0.673311 2.489327 
0.673607 2.488012 
0.674005 2.487009 
0.674285 2.486536 
0.674780 2.485394 
0.675046 2.483836 
0.675222 2.482989 
0.675708 2.482302 
0.676283 2.481471 
0.676609 2.480140 
0.676731 2.479851 
0.677270 2.478251 
0.677619 2.477643 
0.678023 2.476692 
0.678206 2.475993 
0.678773 2.474777 
0.678812 2.474258 
0.679167 2.473229 
0.679863 2.471835 
0.680084 2.471158 
0.680407 2.470110 
0.680870 2.469077 
0.680927 2.468251 
0.681810 2.466998 
0.681730 2.466427 
0.682180 2.464854 
0.682391 2.464456 
0.682917 2.463251 
0.683253 2.462635 
0.683532 2.461499 
0.684030 2.460395 
0.684381 2.459788 
0.684615 2.458813 
0.685080 2.457522 
0.685406 2.457006 
0.685839 2.455387 
0.686285 2.454593 
0.686195 2.454005 
0.686827 2.452889 
0.686894 2.451347 
0.687795 2.450768 
0.688198 2.449817 
0.688792 2.449175 
0.689039 2.448609 
0.688759 2.447180 
0.689280 2.446290 
0.689759 2.445351 
0.690380 2.444076 
0.690717 2.443343 
0.691040 2.441985 
0.691122 2.441635 
0.691323 2.440627 
0.691679 2.439682 
0.692236 2.438260 
0.692441 2.437904 
0.692803 2.437009 
0.693154 2.435729 
0.693707 2.434446 
0.693938 2.434108 
0.694423 2.432499 
0.694732 2.431758 
0.695123 2.430527 
0.695354 2.430118 
0.695935 2.428651 
0.695874 2.427927 
0.696400 2.426438 
0.696878 2.425746 
0.697406 2.425193 
0.697754 2.423709 
0.697917 2.423305 
0.698312 2.422431 
0.698825 2.420791 
0.699083 2.420587 
0.699196 2.419630 
0.699639 2.418479 
0.699994 2.417650 
0.700365 2.416903 
0.700933 2.415239 
0.700950 2.414861 
0.701562 2.413958 
0.701934 2.412265 
0.702256 2.412042 
0.702412 2.410888 
0.703242 2.409922 
0.703440 2.408664 
0.703865 2.407678 
0.703934 2.407130 
0.704338 2.405884 
0.704692 2.405220 
0.705128 2.403533 
0.704811 2.402990 
0.705685 2.401945 
0.706132 2.401257 
0.706819 2.400284 
0.706738 2.399169 
0.706995 2.398681 
0.707876 2.397368 
0.707769 2.396757 
0.708288 2.395335 
0.708860 2.394312 
0.708735 2.393713 
0.709390 2.392590 
0.709623 2.391802 
0.710101 2.390117 
0.710402 2.389704 
0.710526 2.388836 
0.711038 2.387611 
0.711313 2.386898 
0.711725 2.385621 
0.712105 2.384961 
0.712680 2.384142 
0.712840 2.382682 
0.713108 2.382001 
0.713459 2.381323 
0.714080 2.380556 
0.714102 2.379411 
0.714684 2.378277 
0.715093 2.377139 
0.715643 2.376163 
0.715656 2.375591 
0.716128 2.373867 
0.716543 2.373395 
0.716921 2.372629 
0.717337 2.371402 
0.717558 2.370585 
0.718254 2.369322 
0.718173 2.368845 
0.718636 2.367186 
0.718883 2.366917 
0.719305 2.365953 
0.719842 2.364376 
0.720055 2.364167 
0.720395 2.363270 
0.720708 2.362298 
0.721010 2.361353 
0.721472 2.360463 
0.721810 2.359446 
0.722157 2.358482 
0.722603 2.357546 
0.722928 2.356509 
0.723314 2.355547 
0.723674 2.354604 
0.724089 2.353541 
0.724414 2.352623 
0.724835 2.351612 
0.725256 2.350151 
0.725450 2.349611 
0.726094 2.348184 
0.726518 2.347507 
0.726729 2.346304 
0.726894 2.345793 
0.727113 2.344892 
0.727699 2.343381 
0.728078 2.342769 
0.728158 2.342063 
0.728597 2.340850 
0.729004 2.340207 
0.729472 2.339001 
0.730026 2.338216 
0.730280 2.337040 
0.730458 2.335817 
0.730825 2.335137 
0.731139 2.334437 
0.731836 2.333162 
0.732082 2.332147 
0.732292 2.331262 
0.732774 2.330657 
0.733032 2.329790 
0.733282 2.328600 
0.733649 2.327413 
0.733876 2.326706 
0.734378 2.325166 
0.734680 2.324576 
0.735044 2.324072 
0.735549 2.322617 
0.735868 2.322121 
0.735683 2.320597 
0.735699 2.319472 
0.737067 2.318739 
0.737109 2.318174 
0.737669 2.316754 
0.737929 2.316257 
0.738186 2.315165 
0.738888 2.313953 
0.738853 2.312914 
0.739478 2.311594 
0.739905 2.311094 
0.739896 2.310273 
0.739556 2.308865 
0.740945 2.308322 
0.741449 2.306948 
0.741648 2.306637 
0.741966 2.305372 
0.742382 2.304144 
0.742614 2.303853 
0.743032 2.302864 
0.743513 2.301761 
0.743900 2.300313 
0.744098 2.300048 
0.744461 2.298728 
0.744544 2.297954 
0.745082 2.296684 
0.745604 2.295654 
0.745662 2.295194 
0.746238 2.294139 
0.746622 2.293269 
0.746130 2.291671 
0.747520 2.291271 
0.747761 2.290383 
0.747931 2.289379 
0.748352 2.288356 
0.748954 2.286986 
0.749195 2.286404 
0.749486 2.285204 
0.749748 2.284282 
0.750083 2.283701 
0.750442 2.282355 
0.750714 2.281935 
0.751105 2.280917 
0.751603 2.279292 
0.752117 2.278824 
0.752305 2.277205 
0.752566 2.276613 
0.753254 2.275652 
0.753187 2.275030 
0.753651 2.274104 
0.754239 2.272750 
0.753800 2.271928 
0.754740 2.270831 
0.754699 2.269978 
0.755451 2.269269 
0.756053 2.268549 
0.756759 2.267304 
0.756036 2.266115 
0.757381 2.265273 
0.757451 2.264773 
0.756880 2.263219 
0.758244 2.262259 
0.758615 2.261700 
0.759009 2.261015 
0.759446 2.259541 
0.759532 2.259003 
0.760041 2.257410 
0.756431 2.253832 
0.760505 2.255597 
0.758672 2.253284 
0.758457 2.252249 
0.758434 2.250272 
0.758636 2.249631 
0.760102 2.249302 
0.760424 2.248630 
0.762982 2.248482 
0.763468 2.247997 
0.763819 2.247142 
0.764156 2.246078 
0.763108 2.244885 
0.764717 2.244197 
0.765076 2.243737 
0.764903 2.242411 
0.765778 2.241697 
0.765851 2.240562 
0.766680 2.238956 
0.766944 2.238212 
0.767180 2.237841 
0.767469 2.236700 
0.767874 2.235748 
0.768207 2.234102 
0.768407 2.233720 
0.768946 2.232759 
0.769181 2.231714 
0.769499 2.230743 
0.769852 2.229903 
0.770392 2.228635 
0.770446 2.228149 
0.770971 2.226896 
0.771273 2.225455 
0.770859 2.224579 
0.772069 2.224325 
0.772819 2.222847 
0.773131 2.222311 
0.750548 2.206685 
0.743245 2.201358 
0.742095 2.199380 
0.759442 2.208689 
0.761888 2.209534 
0.765117 2.210318 
0.775927 2.215515 
0.774068 2.213751 
0.775932 2.213508 
0.776524 2.212818 
0.776517 2.211809 
0.777164 2.210373 
0.777933 2.209498 
0.778126 2.208544 
0.778394 2.208300 
0.778640 2.207296 
0.779417 2.205777 
0.779560 2.205062 
0.779848 2.204157 
0.780267 2.202991 
0.780683 2.202236 
0.780988 2.201033 
0.780028 2.199683 
0.781817 2.198825 
0.781831 2.197912 
0.782410 2.196775 
0.782593 2.196477 
0.783035 2.195220 
0.781873 2.193552 
0.781477 2.192203 
0.781463 2.191083 
0.784422 2.191530 
0.784630 2.190526 
0.785152 2.190099 
0.785343 2.189013 
0.785813 2.187702 
0.786379 2.186722 
0.786736 2.186073 
0.785997 2.184354 
0.786618 2.183137 
0.783425 2.179717 
0.781903 2.178427 
0.782637 2.177660 
0.784346 2.177543 
0.785885 2.177308 
0.786092 2.176292 
0.787417 2.175426 
0.788058 2.175274 
0.788927 2.174521 
0.790969 2.174201 
0.791591 2.173068 
0.791510 2.172733 
0.792324 2.171437 
0.790825 2.170078 
0.788501 2.167549 
0.789996 2.167085 
0.791093 2.166631 
0.791409 2.165753 
0.792509 2.165194 
0.794441 2.164462 
0.794841 2.163862 
0.795113 2.162768 
0.795680 2.161484 
0.796053 2.160631 
0.796206 2.160125 
0.796804 2.158764 
0.796915 2.158218 
0.797577 2.156556 
0.796596 2.155547 
0.797641 2.155047 
0.798051 2.153284 
0.798973 2.153073 
0.798290 2.151649 
0.794733 2.148697 
0.794870 2.147684 
0.795503 2.146782 
0.795677 2.145663 
0.796846 2.145300 
0.798914 2.145316 
0.800319 2.145067 
0.802172 2.144274 
0.802213 2.143578 
0.802162 2.142589 
0.801838 2.141319 
0.800533 2.139315 
0.800692 2.138315 
0.801600 2.137398 
0.801756 2.136315 
0.802236 2.135483 
0.802534 2.134712 
0.802354 2.133369 
0.802714 2.132414 
0.803929 2.132033 
0.804439 2.131220 
0.807173 2.131314 
0.807016 2.130292 
0.807527 2.129822 
0.808026 2.128765 
0.807205 2.127148 
0.808414 2.126101 
0.807555 2.124909 
0.809362 2.124796 
0.809730 2.123443 
0.810139 2.122650 
0.810236 2.121493 
0.808374 2.119420 
0.808741 2.118197 
0.809026 2.117278 
0.812081 2.117549 
0.812462 2.116525 
0.812874 2.115922 
0.812575 2.114846 
0.812287 2.113434 
0.813369 2.112994 
0.813819 2.112533 
0.813980 2.110837 
0.814522 2.110008 
0.815069 2.109136 
0.815580 2.107921 
0.815347 2.107325 
0.815155 2.105844 
0.816694 2.105444 
0.816222 2.104153 
0.815648 2.102715 
0.813822 2.100346 
0.815843 2.100285 
0.818114 2.100357 
0.818833 2.099156 
0.818841 2.098699 
0.819121 2.097800 
0.819317 2.096859 
0.807397 2.087638 
0.806176 2.086207 
0.806409 2.085267 
0.806611 2.084294 
0.801007 2.079211 
0.799686 2.077550 
0.800413 2.076814 
0.802215 2.076698 
0.804848 2.077082 
0.811278 2.079613 
0.818118 2.082531 
0.820310 2.083216 
0.819515 2.081391 
0.817688 2.079055 
0.817791 2.077997 
0.818330 2.077155 
0.818893 2.076257 
0.819731 2.075521 
0.820340 2.074722 
0.821023 2.074006 
0.821544 2.073200 
0.822121 2.072382 
0.823182 2.071360 
0.823612 2.071076 
0.824459 2.070415 
0.829200 2.071857 
0.828559 2.070684 
0.829923 2.069617 
0.830418 2.069019 
0.830495 2.067909 
0.831211 2.067048 
0.831477 2.066188 
0.819924 2.057588 
0.818751 2.056116 
0.819019 2.055032 
0.819525 2.054085 
0.820035 2.053319 
0.821640 2.053139 
0.822575 2.052605 
0.823594 2.052113 
0.826065 2.052548 
0.829624 2.053670 
0.831317 2.053283 
0.830308 2.051677 
0.830455 2.050717 
0.825282 2.045800 
0.823559 2.044027 
0.823913 2.043022 
0.837766 2.050079 
0.838154 2.049131 
0.836571 2.047270 
0.836069 2.045830 
0.834862 2.043685 
0.830503 2.039635 
0.829456 2.038041 
0.829717 2.037071 
0.830306 2.036142 
0.830882 2.035228 
0.831418 2.034373 
0.831977 2.033613 
0.833027 2.033200 
0.835125 2.033365 
0.835787 2.032682 
0.836286 2.031886 
0.836838 2.031016 
0.837375 2.030161 
0.837904 2.029323 
0.838231 2.028300 
0.837441 2.026573 
0.836820 2.024964 
0.837459 2.024160 
0.839475 2.024227 
0.841824 2.024454 
0.843682 2.024526 
0.844694 2.023923 
0.843653 2.022049 
0.842945 2.020420 
0.843194 2.019478 
0.843700 2.018650 
0.844226 2.017812 
0.844739 2.017000 
0.845249 2.016187 
0.845747 2.015402 
0.846273 2.014563 
0.846796 2.013710 
0.846543 2.012309 
0.846929 2.011382 
0.847236 2.010358 
0.847580 2.009286 
0.847413 2.007986 
0.846813 2.006450 
0.847206 2.005480 
0.847761 2.004589 
0.848319 2.003711 
0.848834 2.002889 
0.849112 2.001858 
0.849356 2.000830 
0.848958 1.998794 
0.848905 1.998157 
0.849386 1.997290 
0.849682 1.996012 
0.849812 1.995313 
0.850305 1.994536 
0.850814 1.993722 
0.851332 1.992831 
0.851873 1.991978 
0.852410 1.991193 
0.853146 1.990144 
0.851740 1.987733 
0.851277 1.986849 
0.851760 1.985913 
0.852332 1.985032 
0.852843 1.984208 
0.853387 1.983356 
0.853912 1.982517 
0.854466 1.981648 
0.853340 1.979591 
0.852490 1.978062 
0.852831 1.977117 
0.853349 1.976298 
0.853867 1.975478 
0.854396 1.974641 
0.854899 1.973847 
0.855501 1.973069 
0.856287 1.972406 
0.856862 1.971550 
0.857418 1.970730 
0.858703 1.970299 
0.859354 1.969505 
0.859911 1.968626 
0.860474 1.967739 
0.861049 1.966825 
0.861473 1.965886 
0.862021 1.965026 
0.862550 1.964178 
0.863113 1.963339 
0.863694 1.962512 
0.864257 1.961625 
0.864789 1.960778 
0.865252 1.959947 
0.865747 1.959160 
0.866259 1.958347 
0.866761 1.957553 
0.867072 1.956508 
0.866283 1.954840 
0.866642 1.953883 
0.867311 1.953171 
0.867881 1.952276 
0.868245 1.951289 
0.868312 1.950149 
0.868247 1.948985 
0.868820 1.948140 
0.869534 1.947420 
0.869661 1.946294 
0.869128 1.944184 
0.868543 1.943189 
0.868933 1.942253 
0.869463 1.941405 
0.869979 1.940594 
0.870488 1.939781 
0.870992 1.938988 
0.871503 1.938175 
0.871716 1.937222 
0.871266 1.935767 
0.871132 1.934595 
0.857967 1.924649 
0.856707 1.923097 
0.857224 1.922170 
0.859858 1.922543 
0.864987 1.924146 
0.867189 1.924755 
0.868446 1.924271 
0.869038 1.923415 
0.869738 1.922626 
0.871418 1.922503 
0.872755 1.922200 
0.873408 1.921430 
0.873898 1.920449 
0.872740 1.918573 
0.871405 1.916573 
