0.000231 2.101180 
0.000480 2.101336 
0.000687 2.101764 
0.001127 2.102353 
0.001551 2.102673 
0.001823 2.103210 
0.002017 2.103502 
0.002395 2.103996 
0.002562 2.104110 
0.002880 2.104593 
0.003357 2.105169 
0.003592 2.105583 
0.003791 2.105630 
0.004063 2.106046 
0.004481 2.106688 
0.004671 2.106776 
0.005030 2.107319 
0.005403 2.107803 
0.005763 2.108287 
0.006080 2.108666 
0.006373 2.108985 
0.006678 2.109423 
0.007022 2.109908 
0.007169 2.109997 
0.007607 2.110649 
0.007972 2.111201 
0.008206 2.111179 
0.008426 2.111683 
0.008746 2.112030 
0.009060 2.112415 
0.009352 2.112868 
0.009663 2.113285 
0.010000 2.113674 
0.010477 2.114266 
0.010793 2.114707 
0.011077 2.114974 
0.011247 2.115355 
0.011651 2.115864 
0.012047 2.116349 
0.012184 2.116735 
0.012447 2.116952 
0.013252 2.117193 
0.013419 2.117756 
0.013487 2.118459 
0.013880 2.118740 
0.014163 2.119023 
0.014550 2.119506 
0.014777 2.119747 
0.015126 2.120092 
0.015297 2.120486 
0.015615 2.121030 
0.015852 2.121200 
0.016251 2.121835 
0.016731 2.121718 
0.017107 2.122408 
0.017299 2.122733 
0.017702 2.122957 
0.017935 2.123566 
0.018229 2.124032 
0.018294 2.124396 
0.018818 2.124951 
0.018928 2.125217 
0.019389 2.125722 
0.019598 2.125922 
0.020007 2.126620 
0.020195 2.126800 
0.020694 2.127247 
0.020892 2.127595 
0.021354 2.128220 
0.021627 2.128380 
0.022038 2.129076 
0.022402 2.129523 
0.022730 2.129756 
0.022896 2.130006 
0.023240 2.130357 
0.023622 2.131040 
0.023821 2.131268 
0.024282 2.131847 
0.024643 2.132312 
0.024822 2.132414 
0.025144 2.132818 
0.025513 2.133140 
0.025905 2.133496 
0.026076 2.134057 
0.026459 2.134393 
0.026747 2.134836 
0.027164 2.135525 
0.027497 2.135782 
0.027675 2.136123 
0.028054 2.136736 
0.028161 2.136916 
0.028404 2.137349 
0.028789 2.137668 
0.029117 2.138006 
0.029438 2.138368 
0.029766 2.138737 
0.030097 2.139147 
0.030381 2.139563 
0.030682 2.139961 
0.031017 2.140367 
0.031333 2.140765 
0.031633 2.141149 
0.031977 2.141559 
0.032286 2.141965 
0.032588 2.142376 
0.032904 2.142788 
0.033230 2.143189 
0.033527 2.143576 
0.033838 2.143979 
0.034199 2.144581 
0.034445 2.144831 
0.034876 2.145444 
0.035211 2.145939 
0.035381 2.146049 
0.035753 2.146578 
0.036160 2.147024 
0.036501 2.147572 
0.036684 2.147668 
0.036981 2.148070 
0.037411 2.148684 
0.037670 2.149011 
0.038064 2.149590 
0.038262 2.149669 
0.038729 2.150346 
0.038886 2.150546 
0.039307 2.151125 
0.039647 2.151555 
0.039899 2.151888 
0.040217 2.152344 
0.040527 2.152657 
0.040696 2.152797 
0.040957 2.153211 
0.041366 2.153773 
0.041729 2.154073 
0.041905 2.154536 
0.042309 2.154925 
0.042401 2.155137 
0.043037 2.155566 
0.043100 2.155915 
0.043492 2.156345 
0.043830 2.156509 
0.044084 2.156989 
0.044339 2.157455 
0.044627 2.157853 
0.044939 2.158375 
0.045362 2.158606 
0.045801 2.159152 
0.046025 2.159575 
0.046359 2.159907 
0.046658 2.160352 
0.046997 2.160708 
0.047317 2.161235 
0.047786 2.161852 
0.047893 2.162032 
0.048387 2.162740 
0.048572 2.162802 
0.048985 2.163136 
0.049281 2.163840 
0.049596 2.163893 
0.050031 2.164412 
0.050224 2.164901 
0.050557 2.165384 
0.050972 2.165879 
0.051268 2.166313 
0.051523 2.166329 
0.051731 2.166847 
0.052037 2.167285 
0.052491 2.167888 
0.052629 2.168077 
0.052993 2.168361 
0.053242 2.168818 
0.053571 2.169245 
0.053902 2.169699 
0.054146 2.169997 
0.054444 2.170384 
0.054862 2.171027 
0.055132 2.171339 
0.055459 2.171859 
0.055734 2.172002 
0.055993 2.172373 
0.056359 2.172893 
0.056668 2.173463 
0.057078 2.173709 
0.057275 2.173999 
0.057510 2.174442 
0.057957 2.175186 
0.058306 2.175246 
0.058619 2.175721 
0.058812 2.176016 
0.059376 2.176630 
0.059428 2.176857 
0.059871 2.177441 
0.060240 2.177884 
0.060563 2.178468 
0.060868 2.178592 
0.061064 2.178973 
0.061521 2.179662 
0.061686 2.179763 
0.062010 2.180241 
0.062294 2.180582 
0.062627 2.180961 
0.062943 2.181344 
0.063283 2.181742 
0.063604 2.182148 
0.063918 2.182548 
0.064221 2.182911 
0.064491 2.183316 
0.064803 2.183702 
0.065092 2.184070 
0.065417 2.184469 
0.065701 2.184843 
0.065996 2.185217 
0.066296 2.185587 
0.066558 2.185925 
0.066871 2.186310 
0.067177 2.186703 
0.067490 2.187088 
0.067821 2.187483 
0.068128 2.187920 
0.068466 2.188337 
0.068739 2.188782 
0.069028 2.189209 
0.069354 2.189565 
0.069692 2.189952 
0.070044 2.190383 
0.070368 2.190771 
0.070687 2.191180 
0.071056 2.191562 
0.071428 2.191910 
0.071802 2.192302 
0.072072 2.192735 
0.072421 2.193410 
0.072630 2.193716 
0.072884 2.194047 
0.073212 2.194477 
0.073534 2.194896 
0.073851 2.195292 
0.074173 2.195682 
0.074491 2.196076 
0.074820 2.196488 
0.075126 2.196898 
0.075423 2.197314 
0.075762 2.197747 
0.076081 2.198154 
0.076411 2.198579 
0.076732 2.198973 
0.077057 2.199372 
0.077293 2.199829 
0.077781 2.200498 
0.077975 2.200777 
0.078392 2.201121 
0.078594 2.201480 
0.078841 2.201715 
0.079158 2.202214 
0.079388 2.202482 
0.079686 2.202884 
0.080006 2.203262 
0.080333 2.203631 
0.080649 2.203997 
0.080960 2.204415 
0.081267 2.204807 
0.081572 2.205201 
0.081908 2.205606 
0.082221 2.206020 
0.082539 2.206415 
0.082882 2.206827 
0.083181 2.207272 
0.083502 2.207633 
0.083845 2.208045 
0.084117 2.208507 
0.084470 2.208891 
0.084811 2.209320 
0.085132 2.209741 
0.085451 2.210134 
0.085774 2.210539 
0.086087 2.210954 
0.086411 2.211341 
0.086703 2.211750 
0.087028 2.212137 
0.087349 2.212543 
0.087634 2.212959 
0.087945 2.213331 
0.088228 2.213780 
0.088740 2.214497 
0.088915 2.214752 
0.089225 2.215141 
0.089483 2.215408 
0.089762 2.215784 
0.090163 2.216313 
0.090553 2.216820 
0.090807 2.217212 
0.091076 2.217362 
0.091301 2.217769 
0.091700 2.218330 
0.091926 2.218676 
0.092164 2.218860 
0.092524 2.219221 
0.092869 2.219858 
0.093168 2.220153 
0.093474 2.220471 
0.093790 2.220838 
0.094132 2.221250 
0.094378 2.221800 
0.094655 2.222074 
0.095069 2.222468 
0.095418 2.223037 
0.095680 2.223300 
0.096070 2.223944 
0.096425 2.224297 
0.096744 2.224856 
0.097039 2.225020 
0.097324 2.225422 
0.097709 2.225980 
0.098051 2.226499 
0.098189 2.226674 
0.098755 2.227272 
0.099016 2.227460 
0.099273 2.227967 
0.099684 2.228498 
0.099959 2.228836 
0.100217 2.229207 
0.100615 2.229527 
0.100778 2.229946 
0.101086 2.230307 
0.101431 2.230685 
0.101889 2.231404 
0.102107 2.231685 
0.102401 2.231852 
0.102646 2.232267 
0.103034 2.232838 
0.103306 2.232970 
0.103534 2.233420 
0.103960 2.234083 
0.104234 2.234526 
0.104562 2.234760 
0.104790 2.234882 
0.105122 2.235199 
0.105314 2.235735 
0.105763 2.236283 
0.105992 2.236492 
0.106402 2.237188 
0.106653 2.237477 
0.107064 2.238023 
0.107239 2.238112 
0.107637 2.238673 
0.107872 2.238965 
0.108216 2.239376 
0.108652 2.240028 
0.108926 2.240322 
0.109171 2.240633 
0.109488 2.240968 
0.109785 2.241432 
0.110251 2.242111 
0.110623 2.242520 
0.110862 2.242959 
0.111179 2.242993 
0.111390 2.243537 
0.111811 2.244027 
0.112055 2.244460 
0.112415 2.244941 
0.112788 2.245125 
0.112997 2.245312 
0.113260 2.245812 
0.113722 2.246495 
0.114020 2.246883 
0.114245 2.247141 
0.114626 2.247510 
0.114864 2.247709 
0.115087 2.248210 
0.115449 2.248675 
0.115700 2.248978 
0.116074 2.249523 
0.116440 2.249936 
0.116706 2.250403 
0.117020 2.250548 
0.117258 2.251092 
0.117592 2.251422 
0.117888 2.251827 
0.118143 2.252112 
0.118459 2.252494 
0.118828 2.253056 
0.119201 2.253494 
0.119525 2.253927 
0.119745 2.254041 
0.120205 2.254756 
0.120473 2.255192 
0.120682 2.255332 
0.121014 2.255757 
0.121324 2.256221 
0.121675 2.256638 
0.122146 2.257327 
0.122417 2.257685 
0.122813 2.258036 
0.123014 2.258396 
0.123424 2.259019 
0.123684 2.259087 
0.123917 2.259532 
0.124395 2.260169 
0.124589 2.260491 
0.124922 2.260734 
0.125250 2.261086 
0.125542 2.261886 
0.126047 2.261787 
0.126297 2.262391 
0.126665 2.262969 
0.126964 2.263280 
0.127137 2.263552 
0.127454 2.263843 
0.127776 2.264398 
0.127971 2.264706 
0.128461 2.265403 
0.128738 2.265767 
0.128998 2.266137 
0.129441 2.266302 
0.129458 2.266612 
0.129865 2.267194 
0.130191 2.267579 
0.130419 2.267758 
0.130824 2.268476 
0.131129 2.268914 
0.131500 2.269206 
0.131664 2.269395 
0.131975 2.269874 
0.132400 2.270314 
0.132731 2.270679 
0.133236 2.270908 
0.133267 2.271624 
0.133548 2.271881 
0.133966 2.272358 
0.134338 2.272723 
0.134587 2.273209 
0.134876 2.273396 
0.135141 2.273895 
0.135514 2.274407 
0.135938 2.274939 
0.136203 2.275348 
0.136551 2.275558 
0.136732 2.275912 
0.137151 2.276567 
0.137373 2.276635 
0.137722 2.277205 
0.137951 2.277459 
0.138407 2.278134 
0.138780 2.278496 
0.138947 2.278670 
0.139251 2.279035 
0.139552 2.279599 
0.139901 2.280018 
0.140304 2.280483 
0.140473 2.280729 
0.140807 2.281180 
0.141106 2.281596 
0.141323 2.281744 
0.141580 2.282116 
0.141897 2.282466 
0.142166 2.282901 
0.142487 2.283263 
0.142799 2.283663 
0.143130 2.284074 
0.143461 2.284469 
0.143787 2.284854 
0.144105 2.285249 
0.144402 2.285636 
0.144734 2.286031 
0.145080 2.286484 
0.145390 2.286902 
0.145740 2.287305 
0.146055 2.287763 
0.146401 2.288172 
0.146727 2.288603 
0.147049 2.289008 
0.147364 2.289449 
0.147717 2.289851 
0.148012 2.290227 
0.148349 2.290630 
0.148653 2.291070 
0.148973 2.291477 
0.149281 2.291868 
0.149597 2.292265 
0.149925 2.292678 
0.150249 2.293066 
0.150552 2.293478 
0.150877 2.293894 
0.151171 2.294315 
0.151499 2.294713 
0.151824 2.295115 
0.152136 2.295516 
0.152437 2.295884 
0.152738 2.296283 
0.153024 2.296668 
0.153367 2.297095 
0.153665 2.297481 
0.153955 2.297863 
0.154251 2.298236 
0.154556 2.298617 
0.154859 2.299012 
0.155131 2.299473 
0.155568 2.300079 
0.155810 2.300439 
0.156169 2.300714 
0.156401 2.301052 
0.156826 2.301673 
0.157216 2.302138 
0.157448 2.302388 
0.157688 2.302750 
0.157992 2.303054 
0.158298 2.303507 
0.158750 2.304173 
0.159095 2.304582 
0.159388 2.304989 
0.159571 2.305084 
0.159941 2.305481 
0.160334 2.306196 
0.160715 2.306505 
0.160922 2.306814 
0.161151 2.307188 
0.161525 2.307686 
0.161719 2.308053 
0.162405 2.308410 
0.162631 2.308833 
0.162845 2.309285 
0.163230 2.309754 
0.163517 2.310004 
0.163758 2.310634 
0.164105 2.311072 
0.164294 2.311160 
0.164695 2.311851 
0.165054 2.312156 
0.165297 2.312648 
0.165519 2.312686 
0.165839 2.313017 
0.166050 2.313472 
0.166497 2.313991 
0.166745 2.314404 
0.167067 2.314826 
0.167231 2.314956 
0.167673 2.315512 
0.167978 2.316012 
0.168283 2.316373 
0.168554 2.316670 
0.168802 2.317023 
0.169079 2.317359 
0.169401 2.317734 
0.169871 2.318409 
0.170140 2.318723 
0.170521 2.319138 
0.170895 2.319708 
0.171061 2.319839 
0.171459 2.320399 
0.171714 2.320729 
0.172046 2.321152 
0.172385 2.321508 
0.172662 2.321964 
0.173044 2.322406 
0.173331 2.322716 
0.173745 2.323394 
0.174060 2.323776 
0.174371 2.324208 
0.174568 2.324304 
0.174877 2.324798 
0.175293 2.325309 
0.175488 2.325555 
0.175852 2.326003 
0.176278 2.326562 
0.176608 2.327049 
0.176773 2.327177 
0.177097 2.327626 
0.177543 2.328252 
0.177705 2.328356 
0.178111 2.328923 
0.178486 2.329448 
0.178622 2.329552 
0.178927 2.329915 
0.179215 2.330298 
0.179632 2.330912 
0.179838 2.331146 
0.180278 2.331689 
0.180557 2.332099 
0.180739 2.332254 
0.181052 2.332700 
0.181453 2.333197 
0.181671 2.333462 
0.182148 2.334143 
0.182417 2.334564 
0.182845 2.334821 
0.183022 2.335207 
0.183260 2.335526 
0.183573 2.335911 
0.183995 2.336459 
0.184288 2.336853 
0.184642 2.337085 
0.184866 2.337571 
0.185223 2.338116 
0.185495 2.338398 
0.185967 2.338995 
0.186313 2.339373 
0.186708 2.339772 
0.187006 2.340158 
0.187132 2.340377 
0.187515 2.341120 
0.187817 2.341547 
0.188305 2.341766 
0.188361 2.342018 
0.188683 2.342544 
0.189067 2.342925 
0.189282 2.343193 
0.189704 2.343848 
0.190008 2.344258 
0.190225 2.344361 
0.190541 2.344667 
0.190779 2.345165 
0.191072 2.345483 
0.191429 2.345999 
0.191733 2.346393 
0.192082 2.346934 
0.192467 2.347134 
0.192552 2.347413 
0.193011 2.348085 
0.193206 2.348212 
0.193537 2.348608 
0.193976 2.349167 
0.194285 2.349497 
0.194567 2.349736 
0.194778 2.350220 
0.195143 2.350772 
0.195533 2.351237 
0.195903 2.351798 
0.196250 2.351994 
0.196414 2.352380 
0.196846 2.353008 
0.197048 2.353098 
0.197349 2.353541 
0.197678 2.353938 
0.197966 2.354307 
0.198314 2.354713 
0.198642 2.355110 
0.198941 2.355526 
0.199267 2.355896 
0.199575 2.356318 
0.199905 2.356729 
0.200209 2.357139 
0.200539 2.357535 
0.200874 2.357971 
0.201192 2.358365 
0.201525 2.358773 
0.201842 2.359183 
0.202146 2.359594 
0.202439 2.359970 
0.202749 2.360360 
0.203023 2.360759 
0.203343 2.361136 
0.203655 2.361535 
0.203946 2.361902 
0.204240 2.362263 
0.204525 2.362650 
0.204826 2.363033 
0.205145 2.363440 
0.205438 2.363818 
0.205760 2.364193 
0.206093 2.364601 
0.206380 2.365015 
0.206703 2.365405 
0.207022 2.365814 
0.207335 2.366228 
0.207657 2.366633 
0.207983 2.367048 
0.208310 2.367463 
0.208650 2.367848 
0.208954 2.368274 
0.209267 2.368689 
0.209594 2.369116 
0.209880 2.369607 
0.210316 2.370231 
0.210585 2.370604 
0.210936 2.370812 
0.211178 2.371218 
0.211575 2.371793 
0.211905 2.372263 
0.212223 2.372734 
0.212612 2.372944 
0.212791 2.373344 
0.213038 2.373563 
0.213377 2.374098 
0.213841 2.374629 
0.214089 2.375073 
0.214475 2.375316 
0.214584 2.375631 
0.215028 2.376228 
0.215175 2.376393 
0.215606 2.376932 
0.215840 2.377284 
0.216119 2.377528 
0.216526 2.378123 
0.216810 2.378375 
0.217015 2.378807 
0.217362 2.379274 
0.217743 2.379477 
0.218025 2.379958 
0.218239 2.380213 
0.218682 2.380918 
0.218870 2.381023 
0.219174 2.381523 
0.219547 2.381991 
0.219840 2.382444 
0.220242 2.382925 
0.220544 2.383351 
0.220963 2.383647 
0.221093 2.383907 
0.221588 2.384597 
0.221798 2.384692 
0.222058 2.385152 
0.222531 2.385854 
0.222781 2.386145 
0.223127 2.386628 
0.223334 2.386787 
0.223798 2.387483 
0.224005 2.387762 
0.224344 2.388147 
0.224615 2.388460 
0.224981 2.388934 
0.225224 2.389278 
0.225566 2.389691 
0.225960 2.390180 
0.226205 2.390477 
0.226671 2.391110 
0.226856 2.391264 
0.227271 2.391910 
0.227508 2.391990 
0.227737 2.392454 
0.228210 2.393080 
0.228500 2.393415 
0.228775 2.393919 
0.228960 2.393937 
0.229225 2.394375 
0.229669 2.394974 
0.229800 2.395157 
0.230242 2.395667 
0.230502 2.396052 
0.230749 2.396317 
0.231070 2.396693 
0.231467 2.397224 
0.231755 2.397653 
0.232156 2.398194 
0.232327 2.398318 
0.232786 2.398945 
0.233150 2.399333 
0.233405 2.399813 
0.233662 2.399915 
0.233996 2.400547 
0.234395 2.401076 
0.234765 2.401443 
0.235046 2.401938 
0.235312 2.402031 
0.235564 2.402364 
0.235875 2.402811 
0.236180 2.403250 
0.236462 2.403596 
0.236798 2.403969 
0.237105 2.404377 
0.237415 2.404766 
0.237742 2.405135 
0.238051 2.405525 
0.238371 2.405916 
0.238695 2.406349 
0.239015 2.406741 
0.239313 2.407128 
0.239610 2.407516 
0.239932 2.407891 
0.240229 2.408295 
0.240539 2.408698 
0.240844 2.409077 
0.241152 2.409468 
0.241453 2.409821 
0.241707 2.410213 
0.242024 2.410592 
0.242332 2.410983 
0.242641 2.411373 
0.242961 2.411765 
0.243276 2.412193 
0.243615 2.412578 
0.243919 2.412989 
0.244231 2.413376 
0.244540 2.413750 
0.244839 2.414195 
0.245183 2.414607 
0.245505 2.415012 
0.245830 2.415427 
0.246167 2.415845 
0.246496 2.416274 
0.246838 2.416685 
0.247130 2.417125 
0.247477 2.417531 
0.247814 2.417935 
0.248105 2.418329 
0.248453 2.418750 
0.248771 2.419175 
0.249082 2.419577 
0.249396 2.419977 
0.249711 2.420389 
0.250034 2.420807 
0.250363 2.421191 
0.250668 2.421599 
0.250999 2.422009 
0.251249 2.422495 
0.251724 2.423134 
0.251946 2.423471 
0.252240 2.423698 
0.252542 2.424020 
0.252806 2.424535 
0.253171 2.424996 
0.253501 2.425348 
0.253711 2.425623 
0.254099 2.426269 
0.254475 2.426419 
0.254742 2.426810 
0.254890 2.427275 
0.255513 2.427583 
0.255567 2.427913 
0.255990 2.428565 
0.256249 2.428800 
0.256552 2.429332 
0.256731 2.429566 
0.257147 2.429865 
0.257451 2.430337 
0.257756 2.430865 
0.258193 2.431517 
0.258395 2.431576 
0.258822 2.432135 
0.259230 2.432518 
0.259443 2.432911 
0.259674 2.433282 
0.260059 2.433617 
0.260296 2.434012 
0.260543 2.434395 
0.260905 2.434756 
0.261250 2.435374 
0.261555 2.435574 
0.261896 2.436273 
0.262312 2.436439 
0.262434 2.436841 
0.262815 2.437256 
0.263206 2.437629 
0.263379 2.438080 
0.263860 2.438697 
0.264059 2.438760 
0.264322 2.439172 
0.264633 2.439543 
0.265042 2.440196 
0.265369 2.440685 
0.265674 2.440960 
0.266005 2.441204 
0.266198 2.441439 
0.266519 2.442085 
0.266726 2.442198 
0.267105 2.442825 
0.267361 2.443183 
0.267642 2.443513 
0.268003 2.444176 
0.268343 2.444306 
0.268781 2.444626 
0.268961 2.445144 
0.269240 2.445568 
0.269573 2.445736 
0.269803 2.446199 
0.270154 2.446631 
0.270570 2.447246 
0.270947 2.447799 
0.271399 2.448014 
0.271633 2.448503 
0.271895 2.448734 
0.272145 2.449130 
0.272447 2.449587 
0.272818 2.450012 
0.273112 2.450328 
0.273430 2.450858 
0.273896 2.451446 
0.274033 2.451609 
0.274440 2.451888 
0.274794 2.452528 
0.275128 2.453039 
0.275356 2.453144 
0.275610 2.453611 
0.275947 2.454043 
0.276417 2.454643 
0.276697 2.455140 
0.277165 2.455381 
0.277252 2.455719 
0.277591 2.456360 
0.277892 2.456324 
0.278074 2.456797 
0.278576 2.457390 
0.278893 2.457666 
0.279049 2.458000 
0.279400 2.458479 
0.279651 2.458722 
0.279993 2.459061 
0.280194 2.459572 
0.280549 2.459969 
0.280987 2.460650 
0.281170 2.460820 
0.281591 2.461144 
0.281874 2.461653 
0.282206 2.461926 
0.282587 2.462581 
0.282838 2.462855 
0.283148 2.463124 
0.283389 2.463560 
0.283849 2.464185 
0.284158 2.464681 
0.284344 2.464727 
0.284705 2.465133 
0.285003 2.465565 
0.285288 2.465996 
0.285803 2.466636 
0.286024 2.466974 
0.286302 2.467157 
0.286623 2.467775 
0.286925 2.468201 
0.287374 2.468585 
0.287489 2.468786 
0.287955 2.469450 
0.288193 2.469739 
0.288558 2.470277 
0.288823 2.470370 
0.289177 2.470993 
0.289490 2.471484 
0.289884 2.471613 
0.290006 2.472032 
0.290382 2.472437 
0.290675 2.472694 
0.291019 2.473330 
0.291230 2.473409 
0.291457 2.473875 
0.291746 2.474182 
0.292045 2.474642 
0.292498 2.475231 
0.292611 2.475375 
0.293019 2.475699 
0.293417 2.476439 
0.293765 2.476815 
0.293921 2.476956 
0.294242 2.477361 
0.294522 2.477785 
0.294980 2.478442 
0.295270 2.478822 
0.295581 2.479195 
0.295940 2.479844 
0.296199 2.479824 
0.296607 2.480477 
0.296914 2.480764 
0.297185 2.481138 
0.297411 2.481589 
0.297820 2.481927 
0.298128 2.482242 
0.298410 2.482768 
0.298824 2.483565 
0.299093 2.483684 
0.299584 2.483870 
0.299694 2.484617 
0.300077 2.484878 
0.300303 2.485211 
0.300727 2.485861 
0.301180 2.486166 
0.301351 2.486559 
0.301578 2.486831 
0.301911 2.487193 
0.302348 2.487740 
0.302531 2.487954 
0.302781 2.488442 
0.303201 2.488902 
0.303485 2.489334 
0.303873 2.489830 
0.304023 2.489933 
0.304432 2.490586 
0.304743 2.491002 
0.305058 2.491371 
0.305290 2.491487 
0.305567 2.492001 
0.305830 2.492308 
0.306188 2.492793 
0.306472 2.493120 
0.306787 2.493488 
0.307197 2.494095 
0.307476 2.494458 
0.307766 2.494718 
0.308022 2.495137 
0.308395 2.495516 
0.308681 2.495915 
0.308993 2.496332 
0.309344 2.496735 
0.309675 2.497128 
0.310000 2.497561 
0.310326 2.497961 
0.310662 2.498336 
0.310977 2.498778 
0.311310 2.499157 
0.311614 2.499566 
0.311922 2.499972 
0.312228 2.500366 
0.312547 2.500774 
0.312884 2.501147 
0.313153 2.501581 
0.313496 2.501963 
0.313821 2.502364 
0.314110 2.502807 
0.314337 2.503242 
0.314691 2.503747 
0.315129 2.504248 
0.315252 2.504410 
0.315714 2.505094 
0.315850 2.505196 
0.316283 2.505852 
0.316425 2.506023 
0.316965 2.506289 
0.317218 2.506637 
0.317323 2.507165 
0.317823 2.507430 
0.317959 2.507833 
0.318434 2.508549 
0.318632 2.508626 
0.318899 2.509064 
0.319253 2.509447 
0.319561 2.509822 
0.319877 2.510235 
0.320241 2.510653 
0.320552 2.511055 
0.320867 2.511467 
0.321188 2.511889 
0.321510 2.512309 
0.321847 2.512727 
0.322172 2.513100 
0.322504 2.513508 
0.322805 2.513936 
0.323110 2.514286 
0.323432 2.514721 
0.323757 2.515122 
0.324065 2.515526 
0.324373 2.515917 
0.324697 2.516337 
0.325026 2.516748 
0.325335 2.517151 
0.325661 2.517537 
0.325998 2.517955 
0.326391 2.518626 
0.326600 2.518873 
0.327023 2.519419 
0.327178 2.519712 
0.327648 2.520326 
0.327934 2.520727 
0.328292 2.520820 
0.328467 2.521271 
0.328848 2.521671 
0.329060 2.522017 
0.329501 2.522574 
0.329756 2.522874 
0.329958 2.523263 
0.330221 2.523509 
0.330522 2.523893 
0.330966 2.524447 
0.331132 2.524741 
0.331548 2.525310 
0.331773 2.525465 
0.332128 2.525848 
0.332548 2.526533 
0.332762 2.526639 
0.333263 2.527400 
0.333448 2.527672 
0.333793 2.528036 
0.334068 2.528419 
0.334349 2.528719 
0.334687 2.529121 
0.335112 2.529727 
0.335388 2.530154 
0.335645 2.530496 
0.335965 2.530783 
0.336286 2.531190 
0.336601 2.531587 
0.337061 2.532228 
0.337350 2.532700 
0.337665 2.532857 
0.337842 2.533201 
0.338298 2.533875 
0.338477 2.533946 
0.338844 2.534495 
0.339186 2.534922 
0.339449 2.535288 
0.339761 2.535719 
0.339993 2.535910 
0.340328 2.536391 
0.340613 2.536717 
0.341026 2.537306 
0.341369 2.537791 
0.341663 2.538139 
0.341817 2.538251 
0.342223 2.538817 
0.342494 2.539114 
0.342740 2.539500 
0.343038 2.539782 
0.343411 2.540340 
0.343817 2.540816 
0.344130 2.541336 
0.344424 2.541472 
0.344628 2.541770 
0.345059 2.542413 
0.345286 2.542728 
0.345690 2.543192 
0.346064 2.543778 
0.346250 2.543841 
0.346693 2.544590 
0.346914 2.544688 
0.347358 2.545363 
0.347697 2.545777 
0.347968 2.546210 
0.348205 2.546261 
0.348494 2.546792 
0.348803 2.547152 
0.349136 2.547560 
0.349452 2.547956 
0.349775 2.548360 
0.350124 2.548766 
0.350459 2.549156 
0.350767 2.549576 
0.351108 2.549976 
0.351427 2.550368 
0.351759 2.550778 
0.352064 2.551171 
0.352374 2.551575 
0.352692 2.551909 
0.353008 2.552275 
0.353262 2.552697 
0.353598 2.553057 
0.353905 2.553433 
0.354195 2.553814 
0.354482 2.554167 
0.354774 2.554547 
0.355085 2.554904 
0.355419 2.555295 
0.355719 2.555680 
0.356033 2.556049 
0.356396 2.556453 
0.356708 2.556825 
0.357018 2.557227 
0.357303 2.557705 
0.357724 2.558344 
0.358059 2.558599 
0.358367 2.559064 
0.358680 2.559285 
0.358977 2.559762 
0.359275 2.560150 
0.359577 2.560502 
0.359938 2.560894 
0.360364 2.561483 
0.360754 2.561886 
0.361020 2.562190 
0.361258 2.562508 
0.361562 2.562843 
0.361848 2.563273 
0.362213 2.563616 
0.362529 2.564042 
0.362978 2.564515 
0.363357 2.565036 
0.363531 2.565127 
0.363816 2.565558 
0.364180 2.565947 
0.364604 2.566522 
0.364967 2.566896 
0.365140 2.567063 
0.365658 2.567639 
0.365921 2.568094 
0.366120 2.568218 
0.366512 2.568529 
0.366791 2.568922 
0.367137 2.569270 
0.367529 2.569838 
0.367746 2.570030 
0.368196 2.570666 
0.368375 2.570797 
0.368784 2.571465 
0.368972 2.571630 
0.369664 2.571936 
0.369886 2.572421 
0.370157 2.572885 
0.370519 2.573261 
0.370701 2.573416 
0.371228 2.574026 
0.371389 2.574162 
0.371760 2.574542 
0.372221 2.575092 
0.372534 2.575416 
0.372995 2.575980 
0.373157 2.576144 
0.373543 2.576448 
0.373958 2.577004 
0.374304 2.577322 
0.374580 2.577629 
0.375071 2.578160 
0.375301 2.578353 
0.375797 2.578969 
0.375981 2.579122 
0.376355 2.579484 
0.376731 2.579829 
0.377090 2.580267 
0.377622 2.580797 
0.377760 2.580974 
0.378132 2.581277 
0.378508 2.581621 
0.378859 2.581978 
0.379193 2.582294 
0.379507 2.582664 
0.379841 2.582980 
0.380219 2.583308 
0.380563 2.583658 
0.380908 2.583977 
0.381248 2.584302 
0.381586 2.584644 
0.381940 2.584969 
0.382303 2.585342 
0.382673 2.585679 
0.383031 2.586000 
0.383392 2.586375 
0.383753 2.586721 
0.384112 2.587055 
0.384501 2.587401 
0.384808 2.587822 
0.385173 2.588163 
0.385589 2.588508 
0.385948 2.588858 
0.386336 2.589160 
0.386708 2.589479 
0.387082 2.589811 
0.387468 2.590158 
0.387842 2.590490 
0.388222 2.590831 
0.388581 2.591149 
0.388960 2.591491 
0.389340 2.591830 
0.389706 2.592156 
0.390086 2.592497 
0.390451 2.592824 
0.390830 2.593164 
0.391204 2.593497 
0.391569 2.593823 
0.391963 2.594176 
0.392597 2.594504 
0.392780 2.594794 
0.393137 2.595116 
0.393496 2.595434 
0.393867 2.595769 
0.394272 2.596022 
0.394666 2.596346 
0.395016 2.596659 
0.395374 2.596964 
0.395724 2.597277 
0.396386 2.597664 
0.396500 2.597776 
0.396829 2.598143 
0.397238 2.598405 
0.397618 2.598731 
0.397997 2.599071 
0.398422 2.599377 
0.398809 2.599694 
0.399247 2.599954 
0.399627 2.600249 
0.400007 2.600589 
0.400411 2.600948 
0.400961 2.601202 
0.401299 2.601544 
0.401688 2.601860 
0.402220 2.602270 
0.402731 2.602733 
0.403003 2.602835 
0.403431 2.603060 
0.404014 2.603458 
0.404302 2.603603 
0.404724 2.604000 
0.405349 2.604501 
0.405640 2.604582 
0.406072 2.605103 
0.406365 2.605122 
0.406922 2.605652 
0.407146 2.605716 
0.407784 2.606188 
0.408148 2.606472 
0.408492 2.606731 
0.408846 2.607056 
0.409278 2.607233 
0.409633 2.607557 
0.410041 2.607820 
0.410447 2.608086 
0.410848 2.608358 
0.411282 2.608653 
0.411690 2.608931 
0.412089 2.609205 
0.412482 2.609471 
0.412896 2.609728 
0.413304 2.610006 
0.413740 2.610284 
0.414179 2.610544 
0.414572 2.610824 
0.415039 2.611081 
0.415461 2.611360 
0.415907 2.611580 
0.416711 2.612002 
0.416990 2.612139 
0.417261 2.612408 
0.417643 2.612671 
0.418189 2.612855 
0.418805 2.613260 
0.418976 2.613475 
0.419405 2.613745 
0.419903 2.613923 
0.420589 2.614281 
0.420925 2.614566 
0.421411 2.614771 
0.421625 2.615058 
0.422101 2.615275 
0.422570 2.615515 
0.422997 2.615803 
0.423415 2.616072 
0.423878 2.616334 
0.424325 2.616569 
0.424762 2.616815 
0.425204 2.617087 
0.425644 2.617358 
0.426103 2.617612 
0.426542 2.617839 
0.426973 2.618063 
0.427420 2.618298 
0.427840 2.618533 
0.428327 2.618739 
0.428730 2.618979 
0.429210 2.619191 
0.429612 2.619417 
0.429997 2.619631 
0.430434 2.619834 
0.431175 2.620024 
0.431793 2.620233 
0.431868 2.620434 
0.432545 2.620922 
0.432929 2.621169 
0.433289 2.621110 
0.433800 2.621304 
0.434199 2.621593 
0.434653 2.621849 
0.435489 2.622145 
0.435619 2.622344 
0.436512 2.622681 
0.436861 2.622742 
0.437260 2.622880 
0.437645 2.623261 
0.438181 2.623395 
0.439103 2.623744 
0.439122 2.623934 
0.439749 2.624087 
0.440136 2.624269 
0.440797 2.624550 
0.441112 2.624709 
0.441583 2.624932 
0.442270 2.625153 
0.442565 2.625393 
0.443066 2.625537 
0.443543 2.625786 
0.444272 2.626019 
0.444470 2.626262 
0.445079 2.626362 
0.446003 2.626649 
0.446125 2.626722 
0.446489 2.627036 
0.446980 2.627176 
0.447809 2.627344 
0.448015 2.627505 
0.448441 2.627822 
0.448975 2.627883 
0.449425 2.628130 
0.449898 2.628306 
0.450367 2.628502 
0.450903 2.628667 
0.451385 2.628880 
0.451826 2.629091 
0.452396 2.629233 
0.452853 2.629472 
0.453392 2.629603 
0.453878 2.629840 
0.454412 2.629994 
0.454905 2.630193 
0.455466 2.630346 
0.456034 2.630490 
0.456502 2.630702 
0.457068 2.630834 
0.457564 2.631045 
0.458131 2.631191 
0.458697 2.631352 
0.459258 2.631505 
0.460071 2.631631 
0.460653 2.631731 
0.460806 2.632083 
0.461462 2.632055 
0.462026 2.632204 
0.462503 2.632376 
0.463044 2.632581 
0.463552 2.632733 
0.464013 2.632937 
0.464587 2.633062 
0.465122 2.633228 
0.465683 2.633365 
0.466201 2.633492 
0.466674 2.633667 
0.467246 2.633762 
0.467781 2.633884 
0.468278 2.634079 
0.468814 2.634184 
0.469320 2.634338 
0.469851 2.634449 
0.470327 2.634562 
0.470815 2.634737 
0.471388 2.634830 
0.471921 2.634954 
0.472509 2.635077 
0.473066 2.635234 
0.473683 2.635324 
0.474241 2.635436 
0.474864 2.635998 
0.475131 2.636075 
0.476176 2.635821 
0.476906 2.635875 
0.477288 2.636048 
0.477736 2.636161 
0.478831 2.636243 
0.479228 2.636444 
0.479545 2.636524 
0.480504 2.636652 
0.480879 2.636757 
0.481686 2.636455 
0.482305 2.636723 
0.482268 2.637199 
0.483349 2.637011 
0.483594 2.637276 
0.484428 2.637544 
0.485346 2.636772 
0.485928 2.637215 
0.485632 2.638192 
0.486986 2.637187 
0.487348 2.638133 
0.488419 2.637280 
0.488929 2.637699 
0.489878 2.637434 
0.489365 2.638833 
0.490954 2.637745 
0.490901 2.638555 
0.491001 2.639057 
0.492866 2.637676 
0.492308 2.639051 
0.493917 2.637865 
0.493776 2.638834 
0.494791 2.638328 
0.495265 2.638774 
0.495925 2.638531 
0.496386 2.638901 
0.497333 2.638171 
0.497911 2.638530 
0.497926 2.639234 
0.499282 2.638316 
0.498797 2.639520 
0.500404 2.638726 
0.500564 2.639478 
0.501923 2.638678 
0.501327 2.640110 
0.503274 2.638952 
0.503053 2.639800 
0.504231 2.638872 
0.504755 2.639455 
0.504781 2.639878 
0.505789 2.639709 
0.506386 2.639626 
0.506882 2.639792 
0.507563 2.639781 
0.508324 2.639680 
0.508640 2.640091 
0.509367 2.639999 
0.510196 2.639852 
0.510610 2.640108 
0.511023 2.640382 
0.511824 2.640250 
0.512246 2.640529 
0.513041 2.640405 
0.514083 2.640365 
0.514199 2.640505 
0.515145 2.640526 
0.515249 2.640786 
0.516414 2.640789 
0.516385 2.641015 
0.517169 2.640919 
0.517940 2.640716 
0.518467 2.640788 
0.519158 2.640749 
0.519656 2.640957 
0.520754 2.640689 
0.521271 2.640606 
0.522093 2.640498 
0.523563 2.639632 
0.523918 2.640315 
0.524233 2.640368 
0.525434 2.640090 
0.525809 2.640136 
0.526186 2.640509 
0.526709 2.640689 
0.527291 2.640774 
0.528123 2.640640 
0.528768 2.640712 
0.529499 2.640690 
0.529880 2.641013 
0.530290 2.641305 
0.531701 2.640821 
0.532549 2.640593 
0.533237 2.640499 
0.533721 2.640557 
0.534320 2.640592 
0.535727 2.640084 
0.536113 2.640086 
0.536914 2.640017 
0.538020 2.639544 
0.538511 2.639774 
0.540447 2.638765 
0.540993 2.638528 
0.541565 2.638984 
0.541840 2.639128 
0.542416 2.639232 
0.542978 2.639266 
0.543701 2.639175 
0.544897 2.638948 
0.545712 2.638591 
0.546221 2.638593 
0.546872 2.638630 
0.547393 2.638572 
0.548023 2.638586 
0.548860 2.638372 
0.549804 2.638065 
0.550646 2.637843 
0.551379 2.637758 
0.552111 2.637733 
0.552640 2.637877 
0.554450 2.636903 
0.554966 2.636820 
0.555514 2.636957 
0.556404 2.636953 
0.557628 2.636498 
0.558388 2.636354 
0.559376 2.636044 
0.560165 2.635911 
0.560975 2.635739 
0.561735 2.635685 
0.562573 2.635528 
0.563372 2.635398 
0.564101 2.635318 
0.565231 2.634580 
0.565965 2.634403 
0.566693 2.634370 
0.567496 2.634191 
0.569097 2.633392 
0.569665 2.633475 
0.570165 2.633471 
0.571567 2.633057 
0.572348 2.633011 
0.573262 2.632817 
0.574811 2.632166 
0.575183 2.632118 
0.575504 2.632193 
0.576723 2.632067 
0.577139 2.632040 
0.578038 2.631826 
0.577962 2.632355 
0.579972 2.632735 
0.579337 2.631938 
0.581330 2.632749 
0.580483 2.631515 
0.582485 2.632324 
0.581728 2.631078 
0.583799 2.631974 
0.583049 2.630533 
0.585080 2.631520 
0.584171 2.629966 
0.586286 2.631021 
0.585595 2.629717 
0.587565 2.630544 
0.586835 2.629122 
0.588752 2.630067 
0.588038 2.628836 
0.589971 2.629575 
0.589149 2.628337 
0.591021 2.629050 
0.590274 2.627870 
0.592202 2.628558 
0.591369 2.627454 
0.593235 2.627998 
0.592293 2.626944 
0.594419 2.627556 
0.593573 2.626561 
0.595525 2.626947 
0.595670 2.626461 
0.595699 2.625997 
0.596485 2.625871 
0.597032 2.625493 
0.597377 2.625449 
0.597784 2.625147 
0.598788 2.624769 
0.599109 2.624568 
0.599489 2.624381 
0.599913 2.623855 
0.600813 2.623931 
0.601051 2.623572 
0.601537 2.623438 
0.602067 2.623214 
0.602479 2.622622 
0.603425 2.622573 
0.603871 2.622308 
0.604027 2.622065 
0.605062 2.621705 
0.605069 2.621533 
0.606052 2.621165 
0.606141 2.620998 
0.606905 2.620706 
0.607818 2.620543 
0.608054 2.620383 
0.608363 2.620034 
0.608698 2.619630 
0.609493 2.619228 
0.609730 2.619033 
0.610343 2.618790 
0.610857 2.618521 
0.611338 2.618219 
0.611795 2.617914 
0.612303 2.617628 
0.612821 2.617338 
0.613283 2.617025 
0.613761 2.616720 
0.614266 2.616469 
0.614732 2.616193 
0.615254 2.615905 
0.615700 2.615582 
0.616229 2.615309 
0.616666 2.615038 
0.617154 2.614753 
0.617619 2.614476 
0.618067 2.614202 
0.618489 2.613921 
0.618926 2.613616 
0.619388 2.613337 
0.619842 2.613054 
0.620230 2.612777 
0.620696 2.612524 
0.621127 2.612215 
0.621590 2.611902 
0.622056 2.611603 
0.622494 2.611286 
0.622968 2.610968 
0.623483 2.610723 
0.623981 2.610407 
0.624699 2.610017 
0.625040 2.609840 
0.625350 2.609409 
0.625857 2.609136 
0.626321 2.608788 
0.626796 2.608517 
0.627564 2.608052 
0.628046 2.607679 
0.628370 2.607445 
0.628950 2.606993 
0.628904 2.606776 
0.629446 2.606571 
0.630112 2.606089 
0.630610 2.605716 
0.630703 2.605527 
0.631197 2.605268 
0.631609 2.604959 
0.632012 2.604596 
0.632627 2.604226 
0.632846 2.603890 
0.633368 2.603626 
0.634016 2.603181 
0.634506 2.602790 
0.634933 2.602384 
0.635235 2.602159 
0.635393 2.601834 
0.635943 2.601527 
0.636602 2.601136 
0.636573 2.600905 
0.637121 2.600658 
0.637738 2.600205 
0.637842 2.600010 
0.638173 2.599662 
0.638868 2.599187 
0.638874 2.598967 
0.639459 2.598648 
0.640110 2.598145 
0.640448 2.597802 
0.640861 2.597481 
0.640894 2.597220 
0.641398 2.596955 
0.642096 2.596435 
0.642174 2.596259 
0.642492 2.595881 
0.642983 2.595548 
0.643312 2.595166 
0.643690 2.594799 
0.644097 2.594439 
0.644524 2.594105 
0.644895 2.593700 
0.645289 2.593319 
0.645668 2.592955 
0.646060 2.592621 
0.646409 2.592250 
0.646813 2.591899 
0.647184 2.591530 
0.647575 2.591172 
0.647943 2.590812 
0.648292 2.590462 
0.648674 2.590135 
0.649051 2.589781 
0.649408 2.589390 
0.650073 2.588908 
0.650533 2.588570 
0.650726 2.588266 
0.651135 2.587872 
0.651218 2.587677 
0.651741 2.587236 
0.651962 2.586985 
0.652451 2.586523 
0.652668 2.586281 
0.652941 2.585921 
0.653436 2.585487 
0.653758 2.585133 
0.654002 2.584813 
0.654488 2.584338 
0.654956 2.583876 
0.655321 2.583596 
0.655367 2.583331 
0.655922 2.582874 
0.656315 2.582412 
0.656666 2.582100 
0.656775 2.581779 
0.657225 2.581423 
0.657520 2.581065 
0.657890 2.580647 
0.658211 2.580234 
0.658754 2.579782 
0.658939 2.579474 
0.659289 2.579067 
0.659639 2.578672 
0.659932 2.578300 
0.660237 2.577890 
0.660590 2.577485 
0.660934 2.577087 
0.661260 2.576712 
0.661587 2.576314 
0.661925 2.575924 
0.662245 2.575535 
0.662569 2.575123 
0.662920 2.574717 
0.663252 2.574323 
0.663587 2.573918 
0.664162 2.573393 
0.664534 2.572929 
0.664597 2.572839 
0.664766 2.572390 
0.665282 2.571934 
0.665516 2.571714 
0.665725 2.571279 
0.666320 2.570731 
0.666303 2.570532 
0.666784 2.570053 
0.667024 2.569755 
0.667251 2.569296 
0.667719 2.568786 
0.667773 2.568595 
0.668348 2.567999 
0.668582 2.567721 
0.668920 2.567283 
0.669295 2.566833 
0.669327 2.566582 
0.669777 2.566120 
0.670101 2.565615 
0.670519 2.565227 
0.670531 2.564846 
0.670915 2.564543 
0.671155 2.564139 
0.671470 2.563722 
0.671819 2.563315 
0.672268 2.562664 
0.672666 2.562240 
0.672680 2.561849 
0.673003 2.561591 
0.673291 2.561274 
0.673714 2.560748 
0.673805 2.560217 
0.674216 2.559811 
0.674313 2.559413 
0.674759 2.559114 
0.674846 2.558697 
0.675194 2.558337 
0.675465 2.557892 
0.675720 2.557485 
0.675982 2.557059 
0.676431 2.556562 
0.676611 2.556108 
0.676955 2.555828 
0.677060 2.555410 
0.677479 2.554964 
0.677611 2.554692 
0.677915 2.554046 
0.678377 2.553673 
0.678486 2.553517 
0.678660 2.552849 
0.679057 2.552577 
0.679259 2.552278 
0.679615 2.551794 
0.679899 2.551510 
0.680056 2.551044 
0.680388 2.550343 
0.680516 2.549964 
0.680764 2.549659 
0.681102 2.548974 
0.681187 2.548462 
0.681326 2.548160 
0.682109 2.547645 
0.682095 2.547389 
0.682422 2.546980 
0.682645 2.546507 
0.682931 2.545696 
0.682970 2.545355 
0.683177 2.545001 
0.683537 2.544636 
0.683708 2.544165 
0.683439 2.543328 
0.684030 2.542894 
0.684659 2.542402 
0.683486 2.541523 
0.685092 2.541694 
0.685503 2.541278 
0.685651 2.540828 
0.685772 2.540410 
0.685999 2.540115 
0.686169 2.539703 
0.686423 2.539283 
0.686657 2.538864 
0.686779 2.538374 
0.687094 2.537981 
0.687253 2.537551 
0.687426 2.537081 
0.687568 2.536640 
0.687854 2.535958 
0.688020 2.535778 
0.688260 2.535328 
0.688449 2.534856 
0.688715 2.534021 
0.688592 2.533722 
0.689371 2.533287 
0.689557 2.532932 
0.689604 2.532514 
0.690043 2.531834 
0.690218 2.531436 
0.690379 2.531113 
0.690581 2.530755 
0.690778 2.530195 
0.690896 2.529927 
0.691292 2.529561 
0.691531 2.528955 
0.691571 2.528522 
0.691850 2.528106 
0.691946 2.527637 
0.692187 2.526821 
0.692574 2.526484 
0.692596 2.525852 
0.692862 2.525487 
0.693079 2.525304 
0.693111 2.524747 
0.693404 2.524010 
0.693516 2.523880 
0.693679 2.523382 
0.694022 2.522582 
0.694107 2.522105 
0.694403 2.521747 
0.694439 2.521358 
0.694602 2.521024 
0.694873 2.520227 
0.694997 2.519727 
0.695236 2.519441 
0.695284 2.519081 
0.695456 2.518729 
0.695588 2.518294 
0.695744 2.517849 
0.695935 2.517356 
0.696118 2.516916 
0.696315 2.516450 
0.696479 2.515963 
0.696614 2.515447 
0.696800 2.514998 
0.697002 2.514522 
0.697194 2.514053 
0.697373 2.513588 
0.697572 2.513076 
0.697734 2.512553 
0.697931 2.512087 
0.698077 2.511530 
0.698306 2.510707 
0.698540 2.510205 
0.698644 2.509776 
0.698854 2.509506 
0.698997 2.508960 
0.699209 2.508326 
0.699302 2.507995 
0.699563 2.507299 
0.699657 2.506968 
0.699883 2.506426 
0.699969 2.506032 
0.700205 2.505214 
0.700488 2.504907 
0.699898 2.504129 
0.700345 2.503617 
0.698601 2.501973 
0.698112 2.500904 
0.697835 2.500485 
0.697623 2.499801 
0.697782 2.499300 
0.698046 2.498886 
0.698609 2.498507 
0.698963 2.498256 
0.699363 2.497926 
0.699682 2.497607 
0.699908 2.497206 
0.699375 2.496076 
0.698392 2.494878 
0.694899 2.492030 
0.693889 2.490969 
0.695089 2.491231 
0.695494 2.490905 
0.695734 2.490477 
0.695999 2.490065 
0.696553 2.489832 
0.698146 2.490207 
0.699450 2.490404 
0.704851 2.492904 
0.705169 2.492654 
0.705244 2.491983 
0.705380 2.491467 
0.705442 2.491013 
0.705648 2.490716 
0.705933 2.489987 
0.706157 2.489643 
0.705697 2.488888 
0.701097 2.485271 
0.701624 2.485116 
0.703259 2.485458 
0.702154 2.484373 
0.703564 2.484612 
0.703478 2.483877 
0.703477 2.483523 
0.703818 2.482876 
0.703925 2.482495 
0.703758 2.481638 
0.704169 2.481257 
0.704276 2.480842 
0.704356 2.480420 
0.704584 2.479950 
0.704172 2.479236 
0.704385 2.478815 
0.704683 2.478435 
0.705310 2.478259 
0.709438 2.480111 
0.709733 2.479648 
0.709840 2.479032 
0.709990 2.478724 
0.710207 2.478517 
0.710244 2.477975 
0.710459 2.477509 
0.710633 2.476711 
0.710772 2.476327 
0.710577 2.475783 
0.711133 2.475409 
0.711394 2.474818 
0.711616 2.474438 
0.711736 2.474030 
0.710920 2.472983 
0.701953 2.466660 
0.702940 2.466508 
0.705089 2.467192 
0.703840 2.466135 
0.705876 2.466716 
0.707213 2.466920 
0.707488 2.466621 
0.707773 2.466173 
0.708063 2.465706 
0.708247 2.465149 
0.708036 2.464525 
0.708282 2.464100 
0.708777 2.463819 
0.709592 2.463748 
0.714550 2.466020 
0.714960 2.465604 
0.715045 2.465068 
0.714991 2.464318 
0.715348 2.464280 
0.715342 2.463665 
0.715643 2.463168 
0.715714 2.462566 
0.715527 2.461709 
0.715251 2.461408 
0.715953 2.461185 
0.709242 2.456225 
0.708805 2.455483 
0.709544 2.455542 
0.709144 2.454717 
0.707810 2.453301 
0.708595 2.453153 
0.708930 2.452761 
0.708872 2.452160 
0.700858 2.446381 
0.698843 2.444755 
0.698352 2.443886 
0.698613 2.443436 
0.698882 2.442991 
0.699137 2.442585 
0.699425 2.442116 
0.699676 2.441718 
0.699936 2.441291 
0.700201 2.440867 
0.700475 2.440425 
0.700759 2.439965 
0.701026 2.439532 
0.701296 2.439099 
0.701752 2.438781 
0.703602 2.439363 
0.706452 2.440495 
0.707482 2.440521 
0.707779 2.440105 
0.708222 2.439803 
0.712100 2.441384 
0.715511 2.442792 
0.717290 2.443718 
0.719068 2.444173 
0.722431 2.445540 
0.722600 2.445115 
0.722641 2.444376 
0.722840 2.443887 
0.722735 2.443363 
0.722847 2.443139 
0.723349 2.442532 
0.723502 2.442227 
0.723555 2.441813 
0.723538 2.441308 
0.723848 2.440630 
0.723946 2.440314 
0.724045 2.439787 
0.724321 2.439558 
0.724334 2.438954 
0.724384 2.438385 
0.724850 2.437792 
0.724937 2.437493 
0.725217 2.436831 
0.725483 2.436314 
0.725616 2.435926 
0.725809 2.435352 
0.725954 2.435146 
0.726021 2.434530 
0.726169 2.433903 
0.726428 2.433323 
0.725858 2.432428 
0.726215 2.432096 
0.726928 2.431880 
0.726928 2.431562 
0.726597 2.430911 
0.726217 2.429850 
0.719246 2.424753 
0.718132 2.423698 
0.719738 2.424047 
0.721357 2.424462 
0.721748 2.424174 
0.722036 2.423729 
0.722327 2.423263 
0.722333 2.422666 
0.721665 2.421629 
0.720990 2.420657 
0.721220 2.420188 
0.721477 2.419795 
0.721720 2.419381 
0.721977 2.418987 
0.722239 2.418560 
0.722496 2.418143 
0.722750 2.417737 
0.722995 2.417324 
0.723232 2.416941 
0.723479 2.416542 
0.723741 2.416115 
0.724006 2.415692 
0.724277 2.415271 
0.724313 2.414693 
0.724119 2.414021 
0.724380 2.413594 
0.724641 2.413155 
0.724914 2.412713 
0.725314 2.412350 
0.726221 2.412323 
0.727753 2.412661 
0.729248 2.413011 
0.730448 2.413178 
0.730802 2.412798 
0.730860 2.412211 
0.728364 2.409921 
0.727035 2.408627 
0.727876 2.408502 
0.728251 2.408169 
0.728486 2.407762 
0.728766 2.407311 
0.729036 2.406879 
0.729303 2.406445 
0.729562 2.406029 
0.729815 2.405620 
0.730129 2.405239 
0.730541 2.404882 
0.730797 2.404453 
0.730952 2.403961 
0.730892 2.403370 
0.727884 2.400671 
0.727528 2.400097 
0.727707 2.399667 
0.727956 2.399269 
0.728515 2.399026 
0.730396 2.399628 
0.734942 2.401692 
0.737159 2.402502 
0.736416 2.401301 
0.738072 2.401727 
0.737494 2.401216 
0.737736 2.400824 
0.737092 2.399766 
0.738510 2.399857 
0.737478 2.398605 
0.736861 2.397999 
0.734934 2.395864 
0.733733 2.394696 
0.733580 2.394013 
0.733857 2.393596 
0.734128 2.393129 
0.734468 2.392728 
0.735299 2.392619 
0.735300 2.392032 
0.735491 2.391562 
0.735770 2.391111 
0.736056 2.390654 
0.736300 2.390263 
0.736568 2.389829 
0.736847 2.389379 
0.737121 2.388936 
0.737378 2.388519 
0.737642 2.388095 
0.737915 2.387652 
0.738185 2.387220 
0.738462 2.386769 
0.738721 2.386305 
0.734963 2.383129 
0.734687 2.382498 
0.734862 2.382125 
0.735128 2.381702 
0.735359 2.381327 
0.735612 2.380919 
0.735860 2.380520 
0.736026 2.380034 
0.735985 2.379455 
0.736227 2.379065 
0.736472 2.378676 
0.736711 2.378271 
0.736971 2.377891 
0.737231 2.377440 
0.737494 2.377027 
0.737752 2.376598 
0.737978 2.376115 
0.737877 2.375499 
0.738139 2.375073 
0.738403 2.374648 
0.738677 2.374206 
0.738954 2.373755 
0.739219 2.373331 
0.739504 2.372872 
0.739762 2.372455 
0.740020 2.372039 
0.740279 2.371600 
0.740543 2.371175 
0.740672 2.370655 
0.740764 2.370111 
0.741027 2.369687 
0.741288 2.369260 
0.741131 2.368598 
0.740771 2.367764 
0.741024 2.367345 
0.741289 2.366909 
0.741554 2.366485 
0.741808 2.366077 
0.742064 2.365660 
0.742333 2.365226 
0.742613 2.364776 
0.742881 2.364342 
0.743129 2.363944 
0.743404 2.363502 
0.743661 2.363085 
0.743791 2.362600 
0.743615 2.361927 
0.743874 2.361499 
0.744129 2.361080 
0.744383 2.360674 
0.744614 2.360298 
0.744863 2.359900 
0.744779 2.359272 
0.745005 2.358835 
0.745258 2.358416 
0.745530 2.357984 
0.745804 2.357542 
0.746052 2.357143 
0.746336 2.356683 
0.746589 2.356275 
0.746857 2.355842 
0.747136 2.355392 
0.747406 2.354958 
0.747679 2.354515 
0.747958 2.354065 
0.748237 2.353615 
0.748515 2.353164 
0.748791 2.352723 
0.749069 2.352271 
0.749343 2.351830 
0.750290 2.351557 
0.751236 2.351827 
0.751268 2.351210 
0.750509 2.350141 
0.750742 2.349708 
0.750537 2.348970 
0.750733 2.348503 
0.750990 2.348085 
0.751262 2.347642 
0.749344 2.345630 
0.747367 2.344040 
0.747421 2.343450 
0.747694 2.343031 
0.747952 2.342602 
0.748196 2.342212 
0.748449 2.341804 
0.748700 2.341395 
0.748981 2.340946 
0.749216 2.340562 
0.749464 2.340164 
0.749726 2.339783 
0.749971 2.339383 
0.750226 2.338977 
0.750494 2.338542 
0.750762 2.338108 
0.751032 2.337676 
0.751299 2.337242 
0.751570 2.336810 
0.751828 2.336392 
0.752091 2.335968 
0.752219 2.335436 
0.751795 2.334560 
0.752041 2.334148 
0.752212 2.333630 
0.752458 2.333219 
0.752713 2.332800 
0.753027 2.332406 
0.754064 2.332449 
0.754579 2.332180 
0.754848 2.331735 
0.755115 2.331312 
0.755364 2.330901 
0.755633 2.330480 
0.755891 2.330052 
0.755314 2.328871 
0.755169 2.328392 
0.755406 2.327974 
0.755661 2.327557 
0.755659 2.326813 
0.755202 2.325884 
0.755213 2.325372 
0.755395 2.324991 
0.755667 2.324571 
0.755913 2.324160 
0.756180 2.323736 
0.756431 2.323327 
0.756672 2.322936 
0.756693 2.322195 
0.756213 2.321439 
0.754857 2.320104 
0.752437 2.318110 
0.748672 2.314989 
0.747204 2.313737 
0.747327 2.313214 
0.747632 2.312861 
0.748489 2.312804 
0.749602 2.312882 
0.749902 2.312504 
0.750550 2.312305 
0.753258 2.313408 
0.754438 2.313515 
0.754753 2.313064 
0.755315 2.312835 
0.755963 2.312613 
0.756279 2.312162 
0.756904 2.311880 
0.757961 2.311970 
0.758326 2.311561 
0.758606 2.311111 
0.758880 2.310668 
0.759127 2.310269 
0.759402 2.309827 
0.759673 2.309384 
0.759955 2.308935 
0.760206 2.308526 
0.760472 2.308102 
0.760739 2.307668 
0.761004 2.307244 
0.761277 2.306801 
0.761551 2.306359 
0.761821 2.305926 
0.762093 2.305483 
0.762347 2.305076 
0.762616 2.304642 
0.762857 2.304252 
0.763117 2.303835 
0.763101 2.303262 
0.762899 2.302547 
0.762750 2.301866 
0.761584 2.300580 
0.761247 2.299641 
0.760947 2.299090 
0.761190 2.298688 
0.761461 2.298244 
0.761731 2.297811 
0.761999 2.297378 
0.762263 2.296954 
0.762520 2.296537 
0.762785 2.296111 
0.763048 2.295687 
0.763328 2.295237 
0.763592 2.294812 
0.763839 2.294412 
0.763712 2.293710 
0.763838 2.293235 
0.763985 2.292738 
0.764241 2.292320 
0.764511 2.291887 
0.764789 2.291435 
0.765054 2.291011 
0.765115 2.290473 
0.758052 2.285283 
0.756735 2.284056 
0.757742 2.284115 
0.757998 2.283674 
0.757541 2.282791 
0.757768 2.282295 
0.758018 2.281897 
0.758274 2.281481 
0.758545 2.281047 
0.759120 2.280792 
0.761442 2.281338 
0.763339 2.282243 
0.765414 2.282940 
0.767234 2.283515 
0.768289 2.283617 
0.768705 2.283322 
0.768969 2.282897 
0.769213 2.282506 
0.769460 2.282107 
0.769688 2.281743 
0.769930 2.281351 
0.770264 2.280994 
0.770604 2.280629 
0.770862 2.280211 
0.771127 2.279787 
0.771389 2.279362 
0.771650 2.278946 
0.771927 2.278495 
0.772185 2.278079 
0.772454 2.277645 
0.772743 2.277178 
0.773013 2.276745 
0.773055 2.276147 
0.772368 2.275074 
0.771824 2.274136 
0.772080 2.273672 
0.772355 2.273230 
0.772626 2.272788 
0.772901 2.272346 
0.773148 2.271945 
0.773417 2.271513 
0.773691 2.271070 
0.773967 2.270629 
0.774218 2.270220 
0.774476 2.269805 
0.774194 2.268805 
0.749027 2.252665 
0.747576 2.251248 
0.747614 2.250742 
0.747899 2.250307 
0.748173 2.249865 
0.748438 2.249453 
0.748713 2.249011 
0.748958 2.248622 
0.749211 2.248215 
0.749482 2.247783 
0.749748 2.247358 
0.750064 2.246978 
0.750944 2.246971 
0.752298 2.247257 
0.753004 2.247165 
0.753268 2.246752 
0.753539 2.246320 
0.753806 2.245886 
0.754072 2.245462 
0.754340 2.245028 
0.754592 2.244620 
0.754856 2.244196 
0.755126 2.243763 
0.755388 2.243337 
0.755441 2.242757 
0.755703 2.242343 
0.756822 2.242131 
0.757373 2.242190 
0.757653 2.241776 
0.757969 2.241372 
0.759731 2.241841 
0.764820 2.244171 
0.768118 2.245615 
0.770211 2.246500 
0.772589 2.247410 
0.773842 2.247598 
0.775254 2.247850 
0.775682 2.247528 
0.777220 2.247516 
0.778439 2.248036 
0.778949 2.247787 
0.779201 2.247379 
0.779470 2.246946 
0.779739 2.246512 
0.779792 2.245957 
0.779838 2.245433 
0.780089 2.245023 
0.780347 2.244607 
0.780607 2.244191 
0.780847 2.243799 
0.781112 2.243375 
0.781364 2.242967 
0.781607 2.242576 
0.781844 2.242193 
0.782082 2.241811 
0.782339 2.241394 
0.782609 2.240961 
0.782866 2.240544 
0.783136 2.240111 
0.783398 2.239686 
0.783652 2.239278 
0.783930 2.238827 
0.784183 2.238419 
0.784453 2.237986 
0.784825 2.237594 
0.785751 2.237567 
0.786681 2.237532 
0.787919 2.237676 
0.788572 2.237480 
0.788846 2.237039 
0.789117 2.236606 
0.789389 2.236163 
0.789663 2.235722 
0.789910 2.235321 
0.790174 2.234896 
0.790452 2.234446 
0.790469 2.233621 
0.789710 2.232786 
0.789877 2.232324 
0.790143 2.231890 
0.790413 2.231457 
0.790687 2.231014 
0.790960 2.230573 
0.790959 2.229960 
0.791082 2.229412 
0.791340 2.228996 
0.791604 2.228571 
0.791855 2.228162 
0.791966 2.227666 
0.792040 2.227147 
0.792299 2.226731 
0.792561 2.226306 
0.792809 2.225906 
0.792800 2.225360 
0.792462 2.224609 
0.792697 2.224213 
0.792962 2.223777 
0.793239 2.223337 
0.793313 2.222807 
0.793090 2.222093 
0.793028 2.221488 
0.792955 2.220843 
0.781918 2.213191 
0.780468 2.211903 
0.780581 2.211374 
0.780848 2.210938 
0.781127 2.210489 
0.781386 2.210073 
0.781644 2.209656 
0.781913 2.209223 
0.782191 2.208772 
0.782470 2.208321 
0.782771 2.207908 
0.783172 2.207568 
0.784228 2.207622 
0.784823 2.207403 
0.785094 2.206970 
0.785364 2.206537 
0.785626 2.206113 
0.785890 2.205688 
0.786142 2.205279 
0.786395 2.204871 
0.786664 2.204437 
0.786926 2.204013 
0.787201 2.203571 
0.787504 2.203206 
0.788111 2.202993 
0.788383 2.202597 
0.788631 2.202186 
0.788886 2.201781 
0.789148 2.201355 
0.789402 2.200948 
0.789654 2.200539 
0.789885 2.200165 
0.790133 2.199765 
0.790403 2.199332 
0.790666 2.198907 
0.790928 2.198481 
0.791199 2.198050 
0.791471 2.197606 
0.791726 2.197200 
0.791992 2.196765 
0.792029 2.195988 
0.791529 2.195289 
0.791515 2.194680 
0.787976 2.191687 
0.786762 2.190511 
0.786754 2.189882 
0.787038 2.189435 
0.787303 2.188999 
0.787579 2.188558 
0.787857 2.188107 
0.788132 2.187665 
0.788486 2.187332 
0.789297 2.187223 
0.792288 2.188442 
0.793847 2.188784 
0.794203 2.188453 
0.794466 2.188027 
0.794986 2.187738 
0.795723 2.187606 
0.796513 2.187461 
0.797312 2.187343 
0.798088 2.187213 
0.798631 2.186950 
0.798895 2.186525 
0.799159 2.186101 
0.799395 2.185717 
0.799650 2.185310 
0.799890 2.184918 
0.800150 2.184504 
0.800406 2.184085 
0.800650 2.183695 
0.800887 2.183312 
0.801128 2.182921 
0.801377 2.182522 
0.801640 2.182096 
0.801914 2.181655 
0.802184 2.181222 
0.802220 2.180645 
0.802224 2.180070 
0.802253 2.179512 
0.793231 2.173097 
0.787575 2.168908 
0.786100 2.167687 
0.786158 2.167135 
0.786458 2.166675 
0.786717 2.166247 
0.786975 2.165843 
0.787241 2.165406 
0.787513 2.164975 
0.787789 2.164523 
0.788066 2.164084 
0.788324 2.163667 
0.788587 2.163242 
0.788609 2.162678 
0.788513 2.162031 
0.788776 2.161605 
0.789042 2.161170 
0.789312 2.160738 
0.788305 2.159325 
0.787231 2.158271 
0.787399 2.157822 
0.787679 2.157383 
0.787944 2.156948 
0.788485 2.156731 
0.789330 2.156666 
0.789603 2.156247 
0.789852 2.155848 
0.790101 2.155438 
0.790371 2.155006 
0.790616 2.154605 
0.790871 2.154197 
0.791105 2.153813 
0.791349 2.153423 
0.791606 2.153006 
0.791869 2.152581 
0.792131 2.152154 
0.792778 2.151979 
0.795111 2.152826 
0.795725 2.152642 
0.796190 2.152317 
0.796670 2.152039 
0.796934 2.151614 
0.797218 2.151156 
0.797484 2.150732 
0.797757 2.150289 
0.798041 2.149830 
0.798316 2.149389 
0.798594 2.148937 
0.799003 2.148543 
0.799472 2.148222 
0.799773 2.147785 
0.800025 2.147376 
0.800299 2.146935 
0.800579 2.146484 
0.800853 2.146042 
0.801110 2.145626 
0.801375 2.145201 
0.801647 2.144759 
0.801917 2.144326 
0.802191 2.143884 
0.802470 2.143433 
0.802741 2.143001 
0.803012 2.142557 
0.803267 2.142151 
0.803529 2.141725 
0.803776 2.141326 
0.804025 2.140926 
0.789529 2.131177 
0.788085 2.129799 
0.788116 2.129325 
0.788360 2.128946 
0.788601 2.128554 
0.788852 2.128157 
0.789108 2.127750 
0.789376 2.127316 
0.789732 2.126937 
0.791158 2.127222 
0.791746 2.126985 
0.792009 2.126573 
0.792407 2.126230 
0.792863 2.125925 
0.793139 2.125484 
0.793409 2.125051 
0.793668 2.124635 
0.793952 2.124177 
0.794211 2.123784 
0.794471 2.123369 
0.794728 2.122952 
0.794999 2.122519 
0.795342 2.122132 
0.798508 2.123294 
0.812222 2.131171 
0.813246 2.131394 
0.813586 2.131087 
0.813853 2.130664 
0.814109 2.130247 
0.814385 2.129806 
0.814714 2.129421 
0.815792 2.129502 
0.816882 2.129601 
0.817188 2.129202 
0.817460 2.128759 
0.817742 2.128311 
0.817994 2.127902 
0.818252 2.127485 
0.818517 2.127060 
0.818764 2.126661 
0.819010 2.126261 
0.819275 2.125836 
0.819521 2.125436 
0.819769 2.125037 
0.819996 2.124672 
0.820238 2.124281 
0.820502 2.123856 
0.820762 2.123440 
0.821018 2.123023 
0.821288 2.122590 
0.821544 2.122172 
0.821798 2.121765 
0.822065 2.121331 
0.822330 2.120906 
0.822593 2.120481 
0.822876 2.120022 
0.823152 2.119581 
0.823425 2.119137 
0.823607 2.118604 
0.822769 2.117461 
0.822371 2.116579 
0.822639 2.116109 
0.822911 2.115666 
0.823189 2.115216 
0.823443 2.114807 
0.823721 2.114356 
0.824000 2.113906 
0.824274 2.113464 
0.824526 2.113056 
0.824791 2.112632 
0.825069 2.112180 
0.825333 2.111756 
0.825602 2.111322 
0.825675 2.110756 
0.818540 2.105475 
0.817183 2.104257 
0.818344 2.104423 
0.818890 2.104162 
0.819278 2.103873 
0.820172 2.103862 
0.821933 2.104354 
0.822574 2.104175 
0.822814 2.103770 
0.823076 2.103356 
0.823647 2.103169 
0.824435 2.103093 
0.824697 2.102690 
0.824964 2.102257 
0.825238 2.101814 
0.825507 2.101381 
0.825771 2.100956 
0.826035 2.100532 
0.826293 2.100115 
0.826568 2.099673 
0.826831 2.099248 
0.827099 2.098815 
0.827352 2.098407 
0.827631 2.097956 
0.827600 2.097372 
0.826866 2.096340 
0.822019 2.092489 
0.820616 2.091255 
0.820686 2.090722 
0.820959 2.090303 
0.821215 2.089873 
0.821484 2.089451 
0.821977 2.089180 
0.824096 2.089859 
0.825106 2.089908 
0.825418 2.089478 
0.825680 2.089051 
0.825929 2.088654 
0.826186 2.088237 
0.826456 2.087804 
0.826729 2.087361 
0.826993 2.086936 
0.827311 2.086568 
0.829229 2.086899 
0.830829 2.087538 
0.831215 2.087283 
0.831460 2.086893 
0.831729 2.086460 
0.831975 2.086060 
0.832218 2.085669 
0.832444 2.085303 
0.832609 2.084864 
0.832428 2.084188 
0.832094 2.083392 
0.832133 2.082839 
0.831524 2.081873 
0.831314 2.081132 
0.831567 2.080724 
0.831836 2.080279 
0.832101 2.079855 
0.832370 2.079422 
0.832658 2.078953 
0.832928 2.078521 
0.833207 2.078070 
0.833492 2.077611 
0.833771 2.077160 
0.834044 2.076718 
0.834324 2.076268 
0.834602 2.075817 
0.834882 2.075367 
0.835125 2.074977 
0.835399 2.074534 
0.835673 2.074092 
0.835947 2.073651 
0.836199 2.073241 
0.836458 2.072826 
0.835330 2.071538 
0.835214 2.070890 
0.835485 2.070446 
0.835767 2.069997 
0.836035 2.069563 
0.836313 2.069112 
0.836572 2.068696 
0.836846 2.068254 
0.837092 2.067854 
0.837352 2.067439 
0.837603 2.067029 
0.837869 2.066606 
0.838130 2.066180 
0.838374 2.065790 
0.838685 2.065442 
0.839382 2.065309 
0.840150 2.065220 
0.840766 2.064979 
0.841035 2.064557 
0.841291 2.064138 
0.841561 2.063706 
0.841819 2.063289 
0.842078 2.062874 
0.842341 2.062448 
0.842371 2.061855 
0.833463 2.055522 
0.832512 2.054556 
0.834081 2.054905 
0.834560 2.054648 
0.834816 2.054207 
0.835086 2.053787 
0.835360 2.053333 
0.835642 2.052884 
0.835916 2.052442 
0.836187 2.052010 
0.836453 2.051575 
0.836719 2.051151 
0.836980 2.050725 
0.837251 2.050292 
0.837529 2.049841 
0.837786 2.049425 
0.838041 2.049017 
0.838298 2.048600 
0.838568 2.048167 
0.838837 2.047735 
