0.000108 1.955966 
0.000353 1.956203 
0.000766 1.956644 
0.001031 1.957017 
0.001226 1.957410 
0.001626 1.957789 
0.001943 1.958066 
0.002329 1.958462 
0.002812 1.958979 
0.003011 1.959209 
0.003450 1.959921 
0.003669 1.960048 
0.004019 1.960442 
0.004452 1.961065 
0.004638 1.961217 
0.005062 1.961679 
0.005301 1.961955 
0.005560 1.962413 
0.006075 1.962904 
0.006297 1.963138 
0.006627 1.963573 
0.006992 1.963980 
0.007183 1.964268 
0.007505 1.964632 
0.007829 1.965010 
0.008329 1.965585 
0.008574 1.965695 
0.008886 1.966215 
0.009330 1.966761 
0.009548 1.966890 
0.009866 1.967261 
0.010266 1.967845 
0.010602 1.968225 
0.010870 1.968496 
0.011196 1.968936 
0.011516 1.969254 
0.011821 1.969639 
0.012330 1.970219 
0.012606 1.970718 
0.012880 1.970762 
0.013187 1.971225 
0.013632 1.971866 
0.013811 1.972025 
0.014155 1.972425 
0.014611 1.972975 
0.014860 1.973177 
0.015170 1.973651 
0.015579 1.973972 
0.015861 1.974386 
0.016236 1.974781 
0.016632 1.975071 
0.016879 1.975764 
0.017188 1.975892 
0.017611 1.976528 
0.017978 1.976583 
0.018339 1.976980 
0.018488 1.977352 
0.018882 1.978039 
0.019134 1.978363 
0.019526 1.978579 
0.019726 1.979030 
0.020050 1.979170 
0.020330 1.979507 
0.020691 1.979983 
0.020997 1.980225 
0.021458 1.980751 
0.021715 1.981227 
0.022021 1.981580 
0.022332 1.981831 
0.022800 1.982413 
0.023067 1.982845 
0.023254 1.982979 
0.023658 1.983339 
0.024133 1.983959 
0.024322 1.984297 
0.024715 1.984543 
0.025050 1.984987 
0.025529 1.985602 
0.025708 1.985842 
0.026170 1.986445 
0.026601 1.986787 
0.026769 1.987120 
0.027069 1.987337 
0.027406 1.987826 
0.027884 1.988393 
0.028072 1.988701 
0.028473 1.989238 
0.028813 1.989359 
0.029079 1.989745 
0.029507 1.990329 
0.029811 1.990715 
0.030061 1.990899 
0.030528 1.991497 
0.030847 1.991945 
0.031082 1.992084 
0.031528 1.992661 
0.031867 1.992989 
0.032121 1.993374 
0.032408 1.993638 
0.032721 1.993982 
0.033027 1.994430 
0.033487 1.994911 
0.033795 1.995324 
0.034032 1.995397 
0.034424 1.996071 
0.034767 1.996443 
0.035000 1.996758 
0.035292 1.997096 
0.035664 1.997336 
0.035931 1.997784 
0.036275 1.998139 
0.036626 1.998530 
0.037080 1.999113 
0.037418 1.999521 
0.037755 1.999979 
0.037978 2.000100 
0.038284 2.000499 
0.038798 2.001104 
0.039023 2.001398 
0.039454 2.001883 
0.039773 2.002346 
0.040045 2.002423 
0.040392 2.003028 
0.040676 2.003280 
0.041130 2.003799 
0.041493 2.004223 
0.041746 2.004625 
0.042020 2.004861 
0.042347 2.005218 
0.042751 2.005751 
0.042976 2.005998 
0.043331 2.006401 
0.043805 2.006975 
0.044006 2.007157 
0.044301 2.007538 
0.044606 2.007909 
0.044953 2.008257 
0.045405 2.008811 
0.045622 2.009067 
0.045893 2.009367 
0.046338 2.009929 
0.046603 2.010221 
0.046831 2.010480 
0.047214 2.010897 
0.047468 2.011171 
0.047794 2.011578 
0.048229 2.012104 
0.048598 2.012649 
0.048927 2.012798 
0.049151 2.013173 
0.049593 2.013787 
0.049832 2.013874 
0.050155 2.014301 
0.050644 2.014918 
0.050930 2.015359 
0.051287 2.015570 
0.051548 2.015930 
0.051837 2.016351 
0.052313 2.016908 
0.052682 2.017325 
0.052904 2.017527 
0.053236 2.017896 
0.053551 2.018237 
0.053908 2.018765 
0.054204 2.019082 
0.054634 2.019679 
0.054837 2.019857 
0.055242 2.020199 
0.055668 2.020800 
0.056021 2.021158 
0.056324 2.021659 
0.056614 2.021761 
0.057036 2.022366 
0.057368 2.022814 
0.057717 2.023210 
0.058129 2.023464 
0.058365 2.023586 
0.058754 2.024121 
0.058979 2.024714 
0.059228 2.024805 
0.059608 2.025431 
0.059846 2.025567 
0.060268 2.026157 
0.060513 2.026410 
0.060839 2.026929 
0.061126 2.027051 
0.061437 2.027572 
0.061884 2.028068 
0.062083 2.028235 
0.062487 2.028483 
0.062852 2.029176 
0.063128 2.029311 
0.063457 2.029874 
0.063851 2.030324 
0.064242 2.030810 
0.064614 2.030971 
0.064800 2.031375 
0.065114 2.031702 
0.065457 2.032106 
0.065771 2.032559 
0.066126 2.032946 
0.066505 2.033286 
0.066816 2.033697 
0.067287 2.034306 
0.067552 2.034693 
0.067851 2.035039 
0.068169 2.035266 
0.068412 2.035711 
0.069003 2.036173 
0.069200 2.036659 
0.069517 2.036967 
0.069831 2.037404 
0.070118 2.037749 
0.070363 2.038066 
0.070654 2.038452 
0.071005 2.038798 
0.071379 2.039115 
0.071878 2.039705 
0.072162 2.040022 
0.072414 2.040377 
0.072713 2.040563 
0.072999 2.040958 
0.073294 2.041277 
0.073635 2.041650 
0.073960 2.042025 
0.074412 2.042579 
0.074669 2.042898 
0.075058 2.043322 
0.075309 2.043647 
0.075644 2.043948 
0.075913 2.044442 
0.076296 2.044810 
0.076708 2.045333 
0.076971 2.045550 
0.077298 2.045939 
0.077801 2.046589 
0.078056 2.046704 
0.078485 2.047379 
0.078791 2.047764 
0.079170 2.048122 
0.079445 2.048481 
0.079780 2.048830 
0.080127 2.049290 
0.080474 2.049752 
0.080733 2.049861 
0.081164 2.050425 
0.081430 2.050810 
0.081725 2.051145 
0.082058 2.051465 
0.082419 2.051828 
0.082723 2.052246 
0.083071 2.052643 
0.083426 2.053015 
0.083762 2.053394 
0.084125 2.053771 
0.084451 2.054148 
0.084758 2.054514 
0.085066 2.054880 
0.085376 2.055244 
0.085718 2.055616 
0.086018 2.056008 
0.086327 2.056356 
0.086634 2.056692 
0.086960 2.057051 
0.087274 2.057426 
0.087592 2.057827 
0.087908 2.058200 
0.088246 2.058576 
0.088587 2.058966 
0.088925 2.059342 
0.089240 2.059716 
0.089589 2.060125 
0.089930 2.060514 
0.090262 2.060930 
0.090543 2.061409 
0.091014 2.061971 
0.091404 2.062283 
0.091618 2.062718 
0.091973 2.063200 
0.092423 2.063407 
0.092693 2.063852 
0.093006 2.064038 
0.093370 2.064729 
0.093587 2.064892 
0.093925 2.065268 
0.094260 2.065649 
0.094717 2.066227 
0.095030 2.066698 
0.095437 2.066880 
0.095606 2.067289 
0.096024 2.067821 
0.096331 2.068174 
0.096693 2.068663 
0.096987 2.068666 
0.097296 2.069205 
0.097567 2.069521 
0.097963 2.070034 
0.098219 2.070430 
0.098529 2.070653 
0.098845 2.071008 
0.099185 2.071350 
0.099457 2.071809 
0.099739 2.072095 
0.100212 2.072639 
0.100466 2.073009 
0.100832 2.073430 
0.101082 2.073566 
0.101461 2.074178 
0.101876 2.074633 
0.102187 2.074980 
0.102437 2.075244 
0.102692 2.075548 
0.103071 2.075905 
0.103469 2.076273 
0.103874 2.076883 
0.104249 2.077357 
0.104594 2.077725 
0.104776 2.077945 
0.105239 2.078342 
0.105530 2.078792 
0.105805 2.079183 
0.106246 2.079719 
0.106618 2.080196 
0.106893 2.080302 
0.107256 2.080822 
0.107548 2.081111 
0.107891 2.081610 
0.108312 2.082044 
0.108657 2.082584 
0.109015 2.082763 
0.109223 2.083157 
0.109566 2.083465 
0.110000 2.084073 
0.110383 2.084457 
0.110697 2.084878 
0.110915 2.084975 
0.111203 2.085446 
0.111615 2.085873 
0.111867 2.086260 
0.112184 2.086521 
0.112610 2.087121 
0.112840 2.087394 
0.113154 2.087736 
0.113398 2.088117 
0.113702 2.088347 
0.114046 2.088826 
0.114380 2.089096 
0.114816 2.089670 
0.115133 2.090041 
0.115390 2.090326 
0.115707 2.090666 
0.116051 2.091083 
0.116372 2.091464 
0.116844 2.091994 
0.117210 2.092542 
0.117617 2.092722 
0.117801 2.093066 
0.118156 2.093596 
0.118410 2.093792 
0.118707 2.094172 
0.119244 2.094794 
0.119479 2.095045 
0.119824 2.095525 
0.120143 2.095670 
0.120409 2.096167 
0.120787 2.096652 
0.121095 2.096861 
0.121476 2.097547 
0.121857 2.097854 
0.122151 2.098286 
0.122435 2.098349 
0.122790 2.098704 
0.123046 2.099214 
0.123396 2.099575 
0.123709 2.099968 
0.124177 2.100549 
0.124475 2.100976 
0.124763 2.100984 
0.125082 2.101607 
0.125310 2.101817 
0.125651 2.102207 
0.126033 2.102720 
0.126264 2.103037 
0.126653 2.103272 
0.126893 2.103658 
0.127334 2.104193 
0.127740 2.104502 
0.127848 2.104750 
0.128225 2.105253 
0.128661 2.105763 
0.128984 2.106157 
0.129161 2.106289 
0.129649 2.106893 
0.130005 2.107326 
0.130232 2.107665 
0.130763 2.108011 
0.130994 2.108439 
0.131280 2.108708 
0.131627 2.109183 
0.132111 2.109712 
0.132347 2.109978 
0.132822 2.110123 
0.133304 2.110276 
0.133714 2.110595 
0.134118 2.110923 
0.134427 2.111494 
0.134505 2.112110 
0.134685 2.112632 
0.135113 2.113295 
0.135318 2.113438 
0.135678 2.113821 
0.135968 2.114255 
0.136352 2.114607 
0.136712 2.115068 
0.137005 2.115390 
0.137431 2.115975 
0.137721 2.116283 
0.138070 2.116789 
0.138312 2.116873 
0.138685 2.117475 
0.138962 2.117627 
0.139270 2.118025 
0.139579 2.118373 
0.139907 2.118729 
0.140238 2.119100 
0.140601 2.119477 
0.140935 2.119828 
0.141279 2.120197 
0.141618 2.120603 
0.141947 2.120975 
0.142269 2.121372 
0.142620 2.121765 
0.142944 2.122143 
0.143296 2.122518 
0.143635 2.122910 
0.143972 2.123303 
0.144293 2.123685 
0.144618 2.124077 
0.144933 2.124498 
0.145241 2.124959 
0.145640 2.125499 
0.146009 2.125695 
0.146317 2.126029 
0.146699 2.126352 
0.147053 2.126709 
0.147395 2.127318 
0.147730 2.127810 
0.147987 2.127969 
0.148308 2.128366 
0.148687 2.128709 
0.148931 2.129184 
0.149294 2.129547 
0.149656 2.129927 
0.150089 2.130518 
0.150404 2.130956 
0.150757 2.131107 
0.150982 2.131353 
0.151218 2.131824 
0.151575 2.132131 
0.151913 2.132492 
0.152264 2.132789 
0.152560 2.133169 
0.152918 2.133774 
0.153202 2.133807 
0.153456 2.134286 
0.153823 2.134564 
0.154217 2.134888 
0.154620 2.135216 
0.155007 2.135532 
0.155409 2.135862 
0.155788 2.136172 
0.156122 2.136523 
0.156469 2.136905 
0.156724 2.137447 
0.157141 2.137742 
0.157446 2.138603 
0.157638 2.138825 
0.158105 2.139060 
0.158267 2.139716 
0.158594 2.140155 
0.158953 2.140489 
0.159310 2.141127 
0.159524 2.141340 
0.159877 2.141825 
0.160231 2.142212 
0.160539 2.142516 
0.160930 2.143191 
0.161299 2.143577 
0.161592 2.143915 
0.161915 2.144404 
0.162208 2.144442 
0.162647 2.145137 
0.162912 2.145555 
0.163244 2.145828 
0.163497 2.146231 
0.163861 2.146545 
0.164143 2.146894 
0.164494 2.147350 
0.164970 2.147859 
0.165125 2.148207 
0.165443 2.148385 
0.165733 2.148838 
0.166104 2.149190 
0.166397 2.149510 
0.166760 2.150125 
0.167154 2.150608 
0.167416 2.150778 
0.167691 2.151025 
0.167987 2.151486 
0.168331 2.151791 
0.168700 2.152257 
0.169030 2.152944 
0.169306 2.152985 
0.169651 2.153369 
0.170042 2.153949 
0.170347 2.154351 
0.170636 2.154550 
0.170978 2.155033 
0.171447 2.155598 
0.171784 2.156101 
0.172044 2.156164 
0.172305 2.156696 
0.172781 2.157332 
0.172956 2.157466 
0.173303 2.157831 
0.173739 2.158436 
0.174049 2.158926 
0.174292 2.159229 
0.174700 2.159773 
0.175178 2.159946 
0.175263 2.160223 
0.175589 2.160662 
0.175971 2.160938 
0.176327 2.161323 
0.176696 2.161913 
0.177136 2.162244 
0.177328 2.162609 
0.177608 2.162756 
0.177942 2.163187 
0.178212 2.163488 
0.178564 2.164022 
0.178977 2.164465 
0.179224 2.164826 
0.179431 2.164936 
0.179849 2.165578 
0.180185 2.165911 
0.180367 2.166115 
0.180749 2.166470 
0.181066 2.166965 
0.181369 2.167323 
0.181731 2.167685 
0.182057 2.168045 
0.182548 2.168663 
0.182858 2.168979 
0.183098 2.169333 
0.183451 2.169596 
0.183770 2.170059 
0.184113 2.170446 
0.184576 2.171034 
0.184905 2.171421 
0.185279 2.171896 
0.185516 2.171985 
0.185802 2.172473 
0.186259 2.172989 
0.186547 2.173348 
0.186818 2.173584 
0.187116 2.173963 
0.187531 2.174545 
0.187814 2.174738 
0.188129 2.175158 
0.188604 2.175745 
0.188818 2.175911 
0.189141 2.176401 
0.189612 2.177026 
0.189875 2.177084 
0.190263 2.177716 
0.190619 2.178180 
0.190825 2.178277 
0.191314 2.178833 
0.191532 2.179167 
0.191879 2.179485 
0.192120 2.179837 
0.192379 2.180089 
0.192695 2.180445 
0.193017 2.180811 
0.193511 2.181392 
0.193774 2.181733 
0.194127 2.182204 
0.194329 2.182319 
0.194645 2.182724 
0.194967 2.183102 
0.195462 2.183683 
0.195792 2.184084 
0.196114 2.184514 
0.196358 2.184657 
0.196674 2.185093 
0.197000 2.185468 
0.197353 2.185874 
0.197863 2.186467 
0.198085 2.186653 
0.198544 2.187278 
0.198870 2.187700 
0.199057 2.187852 
0.199412 2.188317 
0.199869 2.188880 
0.200211 2.189300 
0.200536 2.189471 
0.200749 2.189874 
0.201080 2.190133 
0.201397 2.190616 
0.201706 2.190932 
0.202038 2.191317 
0.202549 2.191940 
0.202819 2.192384 
0.203217 2.192576 
0.203344 2.192880 
0.203692 2.193165 
0.204011 2.193565 
0.204300 2.193986 
0.204607 2.194336 
0.205037 2.194855 
0.205335 2.195217 
0.205601 2.195381 
0.205858 2.195826 
0.206226 2.196134 
0.206524 2.196591 
0.207008 2.197169 
0.207344 2.197643 
0.207763 2.197856 
0.207893 2.198188 
0.208223 2.198464 
0.208494 2.198890 
0.209000 2.199536 
0.209346 2.199968 
0.209719 2.200158 
0.209920 2.200419 
0.210217 2.200909 
0.210658 2.201459 
0.210945 2.201678 
0.211271 2.202116 
0.211599 2.202473 
0.212001 2.203041 
0.212412 2.203469 
0.212759 2.203931 
0.213047 2.204115 
0.213293 2.204478 
0.213744 2.205081 
0.214101 2.205433 
0.214398 2.205909 
0.214841 2.206141 
0.214966 2.206509 
0.215454 2.206987 
0.215708 2.207324 
0.215968 2.207591 
0.216363 2.208055 
0.216756 2.208555 
0.217051 2.209000 
0.217277 2.209040 
0.217672 2.209647 
0.217899 2.209813 
0.218305 2.210342 
0.218603 2.210721 
0.218960 2.211153 
0.219146 2.211243 
0.219489 2.211788 
0.219761 2.212054 
0.220201 2.212638 
0.220565 2.213079 
0.220812 2.213124 
0.221254 2.213769 
0.221520 2.214091 
0.221865 2.214602 
0.222149 2.214665 
0.222461 2.215185 
0.222945 2.215746 
0.223121 2.215911 
0.223598 2.216528 
0.223941 2.216867 
0.224212 2.217293 
0.224589 2.217559 
0.224829 2.217834 
0.225181 2.218241 
0.225517 2.218827 
0.225957 2.219331 
0.226175 2.219396 
0.226613 2.219998 
0.226908 2.220412 
0.227201 2.220733 
0.227502 2.220980 
0.227947 2.221559 
0.228208 2.221888 
0.228507 2.222280 
0.228844 2.222658 
0.229143 2.222910 
0.229584 2.223524 
0.229833 2.223819 
0.230212 2.224305 
0.230586 2.224494 
0.230769 2.224856 
0.231229 2.225415 
0.231394 2.225497 
0.231693 2.225873 
0.231981 2.226216 
0.232303 2.226581 
0.232627 2.226958 
0.232962 2.227307 
0.233313 2.227700 
0.233652 2.228090 
0.233989 2.228484 
0.234310 2.228882 
0.234650 2.229257 
0.234969 2.229624 
0.235299 2.230011 
0.235656 2.230428 
0.236002 2.230812 
0.236335 2.231209 
0.236694 2.231638 
0.237047 2.232030 
0.237408 2.232472 
0.237745 2.232851 
0.238081 2.233277 
0.238438 2.233662 
0.238748 2.234026 
0.239107 2.234424 
0.239441 2.234854 
0.239792 2.235230 
0.240139 2.235596 
0.240455 2.236000 
0.240811 2.236402 
0.241138 2.236792 
0.241463 2.237185 
0.241801 2.237594 
0.242141 2.237968 
0.242468 2.238358 
0.242804 2.238737 
0.243119 2.239142 
0.243442 2.239474 
0.243793 2.240056 
0.244203 2.240471 
0.244458 2.240775 
0.244736 2.241179 
0.245099 2.241619 
0.245287 2.241736 
0.245573 2.242129 
0.246081 2.242694 
0.246420 2.243195 
0.246726 2.243344 
0.246962 2.243718 
0.247421 2.244294 
0.247724 2.244667 
0.248068 2.245100 
0.248342 2.245158 
0.248738 2.245891 
0.249093 2.246200 
0.249298 2.246345 
0.249580 2.246853 
0.249993 2.247090 
0.250313 2.247536 
0.250633 2.248047 
0.250930 2.248330 
0.251301 2.248730 
0.251739 2.249444 
0.251907 2.249585 
0.252330 2.249857 
0.252758 2.250504 
0.252975 2.250602 
0.253256 2.251049 
0.253709 2.251647 
0.254109 2.251997 
0.254333 2.252386 
0.254578 2.252576 
0.254912 2.253020 
0.255254 2.253392 
0.255601 2.253758 
0.256056 2.254404 
0.256222 2.254500 
0.256715 2.255098 
0.257046 2.255516 
0.257323 2.255873 
0.257550 2.256274 
0.257934 2.256674 
0.258141 2.256720 
0.258458 2.257202 
0.258895 2.257775 
0.259213 2.258032 
0.259428 2.258212 
0.259738 2.258750 
0.260105 2.258884 
0.260438 2.259473 
0.260863 2.259980 
0.261062 2.260099 
0.261482 2.260678 
0.261872 2.261149 
0.262225 2.261395 
0.262501 2.261786 
0.262783 2.262041 
0.263238 2.262844 
0.263515 2.262867 
0.263944 2.263593 
0.264166 2.263715 
0.264490 2.264157 
0.264987 2.264782 
0.265196 2.264874 
0.265525 2.265308 
0.265846 2.265739 
0.266178 2.266155 
0.266639 2.266776 
0.266975 2.267203 
0.267146 2.267373 
0.267744 2.267873 
0.267837 2.268092 
0.268358 2.268751 
0.268663 2.269183 
0.269033 2.269284 
0.269393 2.269824 
0.269497 2.270011 
0.270007 2.270668 
0.270223 2.270721 
0.270514 2.271170 
0.270790 2.271528 
0.271135 2.271879 
0.271535 2.272402 
0.271836 2.272794 
0.272142 2.272987 
0.272407 2.273422 
0.272726 2.273789 
0.273077 2.274198 
0.273394 2.274537 
0.273754 2.274918 
0.274226 2.275558 
0.274397 2.275697 
0.274746 2.276060 
0.275070 2.276470 
0.275421 2.276862 
0.275759 2.277240 
0.276097 2.277647 
0.276406 2.278028 
0.276742 2.278408 
0.277092 2.278785 
0.277443 2.279161 
0.277804 2.279542 
0.278160 2.279928 
0.278464 2.280331 
0.278815 2.280723 
0.279139 2.281117 
0.279473 2.281514 
0.279820 2.281896 
0.280145 2.282274 
0.280504 2.282670 
0.280809 2.283056 
0.281131 2.283422 
0.281478 2.283818 
0.281948 2.284508 
0.282219 2.284888 
0.282553 2.285192 
0.282778 2.285563 
0.283095 2.285728 
0.283497 2.286455 
0.283687 2.286506 
0.283995 2.286872 
0.284283 2.287263 
0.284790 2.287812 
0.285011 2.288254 
0.285475 2.288444 
0.285554 2.288742 
0.285854 2.289023 
0.286183 2.289491 
0.286690 2.290024 
0.286998 2.290515 
0.287197 2.290602 
0.287675 2.291236 
0.287923 2.291516 
0.288242 2.291932 
0.288622 2.292147 
0.288851 2.292610 
0.289421 2.293271 
0.289706 2.293619 
0.289955 2.293931 
0.290437 2.294225 
0.290601 2.294641 
0.291112 2.295328 
0.291360 2.295357 
0.291679 2.295661 
0.292024 2.296297 
0.292508 2.296560 
0.292665 2.297158 
0.293173 2.297326 
0.293346 2.297763 
0.293711 2.298407 
0.294104 2.298462 
0.294274 2.298951 
0.294807 2.299405 
0.295116 2.299832 
0.295319 2.300105 
0.295831 2.300665 
0.295987 2.300886 
0.296461 2.301444 
0.296855 2.301719 
0.297013 2.302127 
0.297341 2.302517 
0.297524 2.302830 
0.298032 2.303378 
0.298423 2.303705 
0.298552 2.304006 
0.298912 2.304229 
0.299193 2.304660 
0.299512 2.304981 
0.299836 2.305406 
0.300165 2.305762 
0.300495 2.306134 
0.300837 2.306506 
0.301194 2.306890 
0.301511 2.307293 
0.301857 2.307677 
0.302210 2.308050 
0.302559 2.308460 
0.302881 2.308825 
0.303217 2.309235 
0.303579 2.309615 
0.303910 2.310031 
0.304268 2.310415 
0.304610 2.310819 
0.304929 2.311219 
0.305287 2.311618 
0.305642 2.311991 
0.305968 2.312398 
0.306296 2.312788 
0.306620 2.313181 
0.306960 2.313571 
0.307287 2.313960 
0.307619 2.314330 
0.307957 2.314723 
0.308217 2.315210 
0.308585 2.315693 
0.309034 2.316156 
0.309181 2.316370 
0.309511 2.316630 
0.309826 2.317019 
0.310291 2.317651 
0.310541 2.317899 
0.310889 2.318422 
0.311095 2.318484 
0.311434 2.319019 
0.311864 2.319535 
0.312168 2.319829 
0.312479 2.320222 
0.312684 2.320366 
0.313241 2.320870 
0.313405 2.321222 
0.313851 2.321816 
0.314070 2.321894 
0.314356 2.322303 
0.314664 2.322732 
0.315184 2.323392 
0.315477 2.323650 
0.315863 2.324206 
0.316070 2.324331 
0.316566 2.324989 
0.316919 2.325395 
0.317260 2.325656 
0.317479 2.325895 
0.317812 2.326246 
0.318106 2.326803 
0.318399 2.327077 
0.318772 2.327458 
0.319183 2.327983 
0.319476 2.328400 
0.319923 2.328865 
0.320299 2.329114 
0.320500 2.329373 
0.320805 2.329760 
0.321251 2.330479 
0.321492 2.330563 
0.321839 2.331119 
0.322102 2.331445 
0.322472 2.331797 
0.322865 2.332297 
0.323131 2.332587 
0.323418 2.332885 
0.323763 2.333254 
0.324054 2.333657 
0.324547 2.334191 
0.324667 2.334424 
0.325173 2.334800 
0.325522 2.335101 
0.325727 2.335829 
0.326015 2.336030 
0.326440 2.336111 
0.326823 2.336702 
0.327056 2.337143 
0.327479 2.337543 
0.327599 2.337790 
0.328073 2.338443 
0.328422 2.338840 
0.328769 2.339237 
0.329107 2.339551 
0.329480 2.339868 
0.329679 2.340193 
0.330072 2.340471 
0.330442 2.341125 
0.330696 2.341351 
0.331044 2.341795 
0.331559 2.342382 
0.331852 2.342845 
0.332114 2.342857 
0.332554 2.343551 
0.332840 2.343896 
0.333067 2.344014 
0.333459 2.344609 
0.333803 2.345090 
0.334012 2.345181 
0.334418 2.345791 
0.334876 2.346243 
0.335026 2.346517 
0.335365 2.346717 
0.335711 2.347291 
0.336139 2.347715 
0.336274 2.347882 
0.336672 2.348201 
0.337027 2.348746 
0.337307 2.349162 
0.337602 2.349387 
0.338014 2.349958 
0.338265 2.350252 
0.338546 2.350491 
0.338851 2.350830 
0.339292 2.351460 
0.339706 2.351919 
0.339901 2.352217 
0.340221 2.352410 
0.340535 2.352816 
0.340917 2.353313 
0.341295 2.353862 
0.341550 2.353944 
0.341861 2.354370 
0.342163 2.354806 
0.342683 2.355388 
0.343043 2.355894 
0.343448 2.356094 
0.343632 2.356485 
0.343934 2.356748 
0.344400 2.357412 
0.344725 2.357821 
0.345065 2.358177 
0.345255 2.358371 
0.345632 2.358828 
0.345894 2.359187 
0.346282 2.359517 
0.346777 2.360161 
0.347084 2.360513 
0.347352 2.360880 
0.347696 2.361075 
0.347947 2.361527 
0.348442 2.362155 
0.348813 2.362585 
0.348979 2.362668 
0.349333 2.362960 
0.349781 2.363661 
0.349910 2.363931 
0.350338 2.364434 
0.350491 2.364580 
0.350905 2.364878 
0.351314 2.365484 
0.351583 2.365820 
0.351930 2.366217 
0.352122 2.366330 
0.352520 2.366617 
0.352767 2.367168 
0.353240 2.367728 
0.353502 2.368024 
0.353813 2.368259 
0.354131 2.368628 
0.354570 2.369294 
0.354817 2.369386 
0.355337 2.370108 
0.355502 2.370413 
0.355859 2.370593 
0.356145 2.371018 
0.356485 2.371407 
0.356820 2.371819 
0.357310 2.372405 
0.357666 2.372840 
0.357984 2.373241 
0.358275 2.373421 
0.358516 2.373806 
0.358849 2.374094 
0.359135 2.374519 
0.359582 2.375046 
0.359857 2.375421 
0.360154 2.375674 
0.360445 2.376015 
0.360958 2.376666 
0.361299 2.377041 
0.361584 2.377433 
0.361879 2.377626 
0.362148 2.377992 
0.362404 2.378359 
0.362751 2.378709 
0.363102 2.379068 
0.363410 2.379436 
0.363736 2.379811 
0.364058 2.380159 
0.364353 2.380494 
0.364693 2.380852 
0.365032 2.381228 
0.365350 2.381598 
0.365689 2.381990 
0.366023 2.382387 
0.366365 2.382790 
0.366684 2.383174 
0.367026 2.383561 
0.367345 2.383930 
0.367679 2.384312 
0.368046 2.384717 
0.368352 2.385148 
0.368712 2.385514 
0.369078 2.385919 
0.369400 2.386347 
0.369768 2.386751 
0.370109 2.387139 
0.370468 2.387523 
0.370795 2.387959 
0.371124 2.388301 
0.371482 2.388716 
0.371835 2.389121 
0.372167 2.389506 
0.372483 2.389909 
0.372836 2.390283 
0.373163 2.390705 
0.373504 2.391077 
0.373774 2.391539 
0.374290 2.392155 
0.374530 2.392462 
0.374876 2.392845 
0.375125 2.393141 
0.375456 2.393463 
0.375743 2.393839 
0.376114 2.394192 
0.376384 2.394572 
0.376896 2.395226 
0.377188 2.395644 
0.377573 2.395789 
0.377697 2.396111 
0.378121 2.396684 
0.378325 2.396749 
0.378651 2.397172 
0.379086 2.397762 
0.379433 2.398192 
0.379794 2.398414 
0.380090 2.398967 
0.380480 2.399281 
0.380709 2.399395 
0.380953 2.399919 
0.381389 2.400476 
0.381788 2.401016 
0.382219 2.401152 
0.382342 2.401397 
0.382620 2.401895 
0.382992 2.402468 
0.383546 2.402768 
0.383841 2.403214 
0.384129 2.403636 
0.384470 2.403978 
0.384764 2.404424 
0.385000 2.404546 
0.385365 2.405016 
0.385639 2.405330 
0.386090 2.405979 
0.386363 2.406277 
0.386700 2.406481 
0.386986 2.406810 
0.387401 2.407505 
0.387673 2.407614 
0.387977 2.408048 
0.388311 2.408399 
0.388620 2.408762 
0.388957 2.409141 
0.389289 2.409510 
0.389621 2.409877 
0.389945 2.410239 
0.390251 2.410609 
0.390582 2.410962 
0.390885 2.411286 
0.391199 2.411661 
0.391515 2.412034 
0.391815 2.412425 
0.392163 2.412789 
0.392494 2.413190 
0.392845 2.413567 
0.393184 2.413943 
0.393504 2.414357 
0.393823 2.414709 
0.394165 2.415113 
0.394512 2.415525 
0.394857 2.415910 
0.395212 2.416298 
0.395542 2.416732 
0.395908 2.417122 
0.396242 2.417693 
0.396704 2.418219 
0.397094 2.418577 
0.397424 2.418963 
0.397665 2.419110 
0.398000 2.419744 
0.398249 2.420040 
0.398724 2.420534 
0.399018 2.420950 
0.399367 2.421392 
0.399623 2.421506 
0.399961 2.422086 
0.400254 2.422345 
0.400754 2.422951 
0.400991 2.423276 
0.401403 2.423769 
0.401628 2.423904 
0.402006 2.424469 
0.402274 2.424662 
0.402725 2.425264 
0.402947 2.425514 
0.403343 2.426073 
0.403570 2.426127 
0.403933 2.426696 
0.404179 2.426899 
0.404495 2.427239 
0.404813 2.427641 
0.405305 2.428289 
0.405470 2.428403 
0.405875 2.428697 
0.406167 2.429273 
0.406494 2.429552 
0.406809 2.429941 
0.407318 2.430599 
0.407524 2.430662 
0.407843 2.431078 
0.408175 2.431572 
0.408467 2.431895 
0.408814 2.432309 
0.409129 2.432683 
0.409468 2.433042 
0.409964 2.433731 
0.410172 2.433823 
0.410533 2.434331 
0.411009 2.434854 
0.411229 2.435200 
0.411519 2.435401 
0.411930 2.436052 
0.412279 2.436462 
0.412617 2.436808 
0.412929 2.437074 
0.413194 2.437350 
0.413641 2.437987 
0.413955 2.438363 
0.414316 2.438664 
0.414510 2.438964 
0.414874 2.439198 
0.415127 2.439726 
0.415432 2.440032 
0.415760 2.440374 
0.416218 2.441015 
0.416523 2.441290 
0.416835 2.441778 
0.417036 2.441817 
0.417331 2.442277 
0.417740 2.442758 
0.418009 2.443028 
0.418334 2.443247 
0.418551 2.443692 
0.419059 2.444351 
0.419367 2.444654 
0.419713 2.445148 
0.419940 2.445234 
0.420230 2.445606 
0.420728 2.446276 
0.420975 2.446370 
0.421252 2.446869 
0.421636 2.447269 
0.421930 2.447682 
0.422394 2.447952 
0.422777 2.448479 
0.423098 2.449036 
0.423382 2.449415 
0.423675 2.449641 
0.423973 2.450067 
0.424391 2.450504 
0.424696 2.450810 
0.425018 2.451192 
0.425471 2.451774 
0.425787 2.452131 
0.426044 2.452386 
0.426320 2.452743 
0.426677 2.453112 
0.427019 2.453595 
0.427353 2.453929 
0.427698 2.454313 
0.428040 2.454701 
0.428383 2.455071 
0.428706 2.455435 
0.429027 2.455831 
0.429349 2.456181 
0.429690 2.456570 
0.430021 2.456956 
0.430326 2.457324 
0.430671 2.457678 
0.430949 2.458065 
0.431285 2.458413 
0.431643 2.458796 
0.431934 2.459199 
0.432287 2.459558 
0.432614 2.459963 
0.432954 2.460321 
0.433259 2.460723 
0.433602 2.461109 
0.433945 2.461496 
0.434264 2.461880 
0.434615 2.462273 
0.434944 2.462691 
0.435221 2.463111 
0.435720 2.463765 
0.436039 2.464072 
0.436305 2.464487 
0.436669 2.464675 
0.436905 2.465128 
0.437259 2.465485 
0.437606 2.465883 
0.437942 2.466295 
0.438415 2.466933 
0.438712 2.467233 
0.438989 2.467636 
0.439398 2.468053 
0.439755 2.468281 
0.440112 2.468761 
0.440320 2.468933 
0.440751 2.469701 
0.441001 2.469712 
0.441259 2.470202 
0.441574 2.470480 
0.441875 2.470870 
0.442357 2.471483 
0.442588 2.471784 
0.442878 2.471967 
0.443106 2.472368 
0.443580 2.472957 
0.443826 2.473352 
0.444273 2.473564 
0.444406 2.473765 
0.444833 2.474380 
0.445072 2.474530 
0.445384 2.474986 
0.445735 2.475363 
0.446086 2.475723 
0.446440 2.476097 
0.446752 2.476490 
0.447099 2.476870 
0.447455 2.477289 
0.447795 2.477679 
0.448135 2.478068 
0.448483 2.478480 
0.448829 2.478863 
0.449177 2.479275 
0.449502 2.479652 
0.449823 2.480065 
0.450174 2.480443 
0.450482 2.480808 
0.450828 2.481190 
0.451190 2.481602 
0.451527 2.481964 
0.451864 2.482374 
0.452197 2.482756 
0.452530 2.483154 
0.452864 2.483535 
0.453191 2.483924 
0.453564 2.484322 
0.453885 2.484735 
0.454174 2.485203 
0.454682 2.485831 
0.454999 2.486108 
0.455272 2.486499 
0.455635 2.486989 
0.455828 2.487021 
0.456145 2.487439 
0.456448 2.487843 
0.456857 2.488291 
0.457186 2.488694 
0.457441 2.488904 
0.457841 2.489489 
0.458151 2.489837 
0.458415 2.490146 
0.458735 2.490387 
0.459029 2.490754 
0.459347 2.491156 
0.459665 2.491540 
0.460109 2.492088 
0.460434 2.492482 
0.460746 2.492700 
0.461062 2.493214 
0.461366 2.493521 
0.461843 2.494156 
0.462124 2.494224 
0.462396 2.494711 
0.462850 2.495247 
0.463113 2.495510 
0.463447 2.495906 
0.463770 2.496286 
0.464255 2.496941 
0.464491 2.497269 
0.464832 2.497658 
0.465146 2.497827 
0.465519 2.498352 
0.465785 2.498578 
0.466171 2.499118 
0.466583 2.499626 
0.466776 2.499721 
0.467133 2.500106 
0.467417 2.500580 
0.467794 2.501052 
0.468125 2.501596 
0.468633 2.501748 
0.468827 2.502206 
0.469025 2.502407 
0.469358 2.502726 
0.469628 2.503170 
0.469984 2.503493 
0.470274 2.503817 
0.470603 2.504207 
0.470940 2.504568 
0.471273 2.504920 
0.471627 2.505324 
0.471983 2.505726 
0.472324 2.506114 
0.472663 2.506492 
0.473015 2.506865 
0.473299 2.507278 
0.473642 2.507648 
0.474009 2.508052 
0.474346 2.508430 
0.474679 2.508829 
0.475031 2.509221 
0.475380 2.509615 
0.475722 2.510034 
0.476050 2.510422 
0.476408 2.510806 
0.476756 2.511204 
0.477068 2.511564 
0.477418 2.511973 
0.477706 2.512426 
0.478246 2.512936 
0.478548 2.513325 
0.478830 2.513740 
0.479116 2.513943 
0.479501 2.514498 
0.479910 2.514993 
0.480368 2.515255 
0.480579 2.515440 
0.480889 2.516039 
0.481219 2.516236 
0.481539 2.516571 
0.481814 2.516962 
0.482324 2.517540 
0.482564 2.517768 
0.482898 2.518007 
0.483283 2.518438 
0.483528 2.518832 
0.483725 2.519144 
0.484106 2.519610 
0.484515 2.519837 
0.484871 2.520382 
0.485107 2.520678 
0.485479 2.520854 
0.485732 2.521336 
0.486090 2.521705 
0.486403 2.522048 
0.486788 2.522414 
0.487281 2.523011 
0.487491 2.523166 
0.488119 2.523709 
0.488222 2.523915 
0.488579 2.524253 
0.488886 2.524668 
0.489535 2.525090 
0.489775 2.525524 
0.490047 2.525903 
0.490467 2.526162 
0.490683 2.526485 
0.491059 2.526845 
0.491397 2.527302 
0.491829 2.527989 
0.492058 2.528104 
0.492471 2.528215 
0.493001 2.528704 
0.493150 2.529106 
0.493320 2.529547 
0.493785 2.529800 
0.494281 2.530505 
0.494511 2.530713 
0.494950 2.530903 
0.495105 2.531331 
0.495618 2.531824 
0.496111 2.532011 
0.496372 2.532467 
0.496734 2.532672 
0.497000 2.533152 
0.497396 2.533520 
0.497573 2.533590 
0.498025 2.534142 
0.498318 2.534448 
0.498635 2.534645 
0.498951 2.535016 
0.499318 2.535390 
0.499711 2.535715 
0.500149 2.536205 
0.500544 2.536481 
0.500819 2.536730 
0.501105 2.537106 
0.501654 2.537604 
0.502029 2.537934 
0.502344 2.538309 
0.502732 2.538497 
0.503102 2.538946 
0.503426 2.539276 
0.503823 2.539644 
0.504219 2.539934 
0.504661 2.540435 
0.505095 2.540916 
0.505422 2.540927 
0.505854 2.541457 
0.506147 2.541668 
0.506505 2.542005 
0.506909 2.542315 
0.507303 2.542655 
0.507683 2.542980 
0.508053 2.543317 
0.508462 2.543655 
0.508831 2.543994 
0.509215 2.544314 
0.509592 2.544626 
0.509966 2.544974 
0.510305 2.545269 
0.510692 2.545571 
0.511055 2.545869 
0.511434 2.546180 
0.511755 2.546546 
0.512099 2.546868 
0.512471 2.547172 
0.512835 2.547469 
0.513207 2.547771 
0.513603 2.548094 
0.513983 2.548403 
0.514362 2.548713 
0.514774 2.549047 
0.515160 2.549364 
0.515548 2.549680 
0.515951 2.550009 
0.516476 2.550283 
0.516925 2.550777 
0.517296 2.550969 
0.517627 2.551150 
0.518090 2.551530 
0.518401 2.551719 
0.518820 2.552344 
0.519319 2.552301 
0.519857 2.552878 
0.520128 2.553304 
0.520619 2.553271 
0.520890 2.553762 
0.521176 2.553934 
0.521779 2.554301 
0.522137 2.554606 
0.522425 2.554823 
0.523098 2.555183 
0.523203 2.555387 
0.523678 2.555612 
0.524073 2.555934 
0.524479 2.556260 
0.524873 2.556582 
0.525247 2.556885 
0.525924 2.557194 
0.526286 2.557588 
0.526424 2.557735 
0.526831 2.558075 
0.527288 2.558163 
0.527917 2.558594 
0.528173 2.558883 
0.528449 2.559081 
0.528829 2.559264 
0.529421 2.559519 
0.529770 2.559660 
0.530163 2.560208 
0.530506 2.560372 
0.530944 2.560642 
0.531364 2.560855 
0.531763 2.561157 
0.532179 2.561453 
0.532716 2.561728 
0.533034 2.562351 
0.533481 2.562327 
0.533863 2.562616 
0.534280 2.563024 
0.534899 2.563086 
0.535344 2.563427 
0.535732 2.563742 
0.536424 2.564032 
0.536804 2.564310 
0.537067 2.564558 
0.537483 2.564823 
0.538010 2.565015 
0.538418 2.565337 
0.538822 2.565617 
0.539293 2.565847 
0.539720 2.566130 
0.540162 2.566395 
0.540627 2.566616 
0.541114 2.566841 
0.541528 2.567124 
0.541964 2.567397 
0.542413 2.567654 
0.542846 2.567930 
0.543252 2.568175 
0.543691 2.568413 
0.544108 2.568630 
0.544570 2.568886 
0.544988 2.569116 
0.545420 2.569346 
0.545841 2.569573 
0.546262 2.569818 
0.546694 2.570062 
0.547128 2.570336 
0.547597 2.570537 
0.548025 2.570788 
0.548496 2.571033 
0.548944 2.571274 
0.549387 2.571507 
0.549883 2.571738 
0.550318 2.571994 
0.550798 2.572197 
0.551249 2.572467 
0.551741 2.572669 
0.552183 2.572903 
0.553025 2.573169 
0.553262 2.573399 
0.553867 2.573592 
0.554179 2.573700 
0.554606 2.573967 
0.555092 2.574146 
0.555755 2.574378 
0.556350 2.574614 
0.556502 2.574822 
0.556931 2.575104 
0.557597 2.575442 
0.558037 2.575519 
0.558398 2.575646 
0.558845 2.575905 
0.559670 2.576111 
0.559739 2.576438 
0.560546 2.576588 
0.560967 2.576672 
0.561195 2.577010 
0.561719 2.577063 
0.562113 2.577340 
0.562983 2.577507 
0.563004 2.577751 
0.563554 2.577819 
0.564023 2.578020 
0.564389 2.578236 
0.565219 2.578467 
0.565634 2.578655 
0.565834 2.578726 
0.566138 2.579193 
0.566822 2.579113 
0.567505 2.579381 
0.568081 2.579641 
0.568130 2.579913 
0.568758 2.579920 
0.569247 2.580126 
0.569767 2.580343 
0.570248 2.580577 
0.570730 2.580807 
0.571335 2.580920 
0.571820 2.581164 
0.572317 2.581408 
0.572883 2.581506 
0.573370 2.581731 
0.573913 2.581903 
0.574359 2.582085 
0.574918 2.582223 
0.575409 2.582443 
0.575907 2.582607 
0.576397 2.582797 
0.576965 2.582892 
0.577451 2.583119 
0.577984 2.583256 
0.578891 2.583251 
0.579162 2.583425 
0.579676 2.583618 
0.580076 2.583886 
0.580873 2.583921 
0.581191 2.584132 
0.581959 2.584189 
0.582240 2.584365 
0.582748 2.584535 
0.583283 2.584652 
0.583828 2.584760 
0.584320 2.584915 
0.584843 2.585034 
0.585299 2.585201 
0.585761 2.585393 
0.586620 2.585384 
0.586781 2.585741 
0.587438 2.585727 
0.587865 2.585962 
0.588300 2.586204 
0.588892 2.586252 
0.589402 2.586451 
0.589933 2.586591 
0.590441 2.586758 
0.590997 2.586900 
0.591559 2.587017 
0.592044 2.587215 
0.592635 2.587311 
0.593183 2.587447 
0.593732 2.587580 
0.594318 2.587732 
0.595357 2.587723 
0.595539 2.587833 
0.596033 2.588064 
0.596588 2.588160 
0.597184 2.588252 
0.597772 2.588306 
0.598710 2.588374 
0.598869 2.588526 
0.599311 2.588808 
0.600365 2.588718 
0.600488 2.588946 
0.601255 2.588813 
0.601771 2.588970 
0.602300 2.589064 
0.603154 2.589032 
0.603453 2.589171 
0.604273 2.589162 
0.604810 2.589278 
0.605399 2.589316 
0.605750 2.589470 
0.606348 2.589402 
0.606752 2.589586 
0.607731 2.589413 
0.608154 2.589481 
0.608868 2.589602 
0.609554 2.589630 
0.609906 2.589626 
0.610756 2.589644 
0.611206 2.589709 
0.611905 2.589960 
0.612219 2.590034 
0.613289 2.589812 
0.613650 2.589908 
0.614315 2.590089 
0.615079 2.590053 
0.615697 2.590088 
0.616444 2.590057 
0.617061 2.590028 
0.617682 2.590073 
0.618469 2.589994 
0.618872 2.590052 
0.619535 2.590158 
0.620192 2.590223 
0.620971 2.590200 
0.621331 2.590123 
0.622116 2.590015 
0.622833 2.590226 
0.623236 2.590177 
0.623756 2.590440 
0.624473 2.590288 
0.625142 2.590417 
0.625691 2.590425 
0.626465 2.590299 
0.627276 2.590347 
0.627763 2.590637 
0.628324 2.590598 
0.628981 2.590757 
0.629298 2.590890 
0.629899 2.590817 
0.630331 2.591000 
0.631214 2.590865 
0.631681 2.590910 
0.632490 2.590819 
0.633095 2.590822 
0.633691 2.590897 
0.634251 2.590907 
0.634914 2.590931 
0.635373 2.591066 
0.635988 2.591182 
0.636546 2.591240 
0.636992 2.591405 
0.637699 2.591219 
0.638160 2.591460 
0.638850 2.591452 
0.639729 2.591182 
0.639953 2.591698 
0.640852 2.591419 
0.641475 2.591492 
0.642160 2.591459 
0.642801 2.591513 
0.643534 2.591421 
0.644078 2.591544 
0.644472 2.591868 
0.645266 2.591717 
0.645898 2.591733 
0.646672 2.591575 
0.647068 2.591864 
0.648258 2.591624 
0.648370 2.591834 
0.649109 2.591687 
0.649718 2.591748 
0.650390 2.591746 
0.650890 2.591924 
0.651553 2.591871 
0.652181 2.591828 
0.652742 2.591947 
0.653102 2.592249 
0.653512 2.592554 
0.654039 2.592746 
0.655500 2.592030 
0.656101 2.591640 
0.656765 2.591521 
0.657605 2.591267 
0.658372 2.591100 
0.659007 2.591113 
0.659731 2.591032 
0.660440 2.590969 
0.661300 2.590881 
0.661814 2.590898 
0.663044 2.590513 
0.663462 2.590428 
0.663963 2.590635 
0.665341 2.590100 
0.665767 2.590085 
0.666475 2.589991 
0.667575 2.589940 
0.668177 2.589914 
0.668693 2.590025 
0.669629 2.589699 
0.670428 2.589637 
0.670905 2.589543 
0.671699 2.589248 
0.672227 2.589440 
0.673758 2.588748 
0.674257 2.588563 
0.675352 2.588281 
0.675955 2.588143 
0.676543 2.588164 
0.677843 2.587725 
0.678368 2.587587 
0.679207 2.587334 
0.679896 2.587327 
0.680491 2.587372 
0.682179 2.586458 
0.682930 2.586390 
0.682975 2.586637 
0.684368 2.586192 
0.684844 2.586164 
0.685751 2.585983 
0.685809 2.586230 
0.687501 2.585325 
0.687945 2.585113 
0.688693 2.584892 
0.689664 2.584476 
0.690314 2.584683 
0.690871 2.584634 
0.691293 2.584845 
0.693604 2.584045 
0.694057 2.584033 
0.694655 2.583952 
0.695283 2.583873 
0.695924 2.583611 
0.696780 2.583239 
0.698180 2.582694 
0.698919 2.582460 
0.700275 2.581996 
0.701057 2.581624 
0.702232 2.581304 
0.702489 2.581474 
0.702763 2.581577 
0.702955 2.581633 
0.706365 2.579676 
0.707094 2.579005 
0.707811 2.578803 
0.708205 2.578958 
0.710620 2.577441 
0.710680 2.577676 
0.711022 2.577864 
0.713455 2.575497 
0.713867 2.575720 
0.714174 2.575994 
0.715329 2.575724 
0.717235 2.573929 
0.717803 2.573866 
0.718335 2.573941 
0.719914 2.573285 
0.720669 2.572740 
0.721762 2.572127 
0.723464 2.571210 
0.724561 2.570496 
0.725317 2.570376 
0.726558 2.569486 
0.727346 2.569439 
0.727177 2.569571 
0.729360 2.568329 
0.730033 2.568041 
0.731421 2.567463 
0.733157 2.566107 
0.734124 2.565681 
0.734626 2.565650 
0.735137 2.566233 
0.735551 2.566579 
0.735966 2.566814 
0.736288 2.566983 
0.736374 2.566988 
0.736953 2.566853 
0.737219 2.566685 
0.737842 2.566162 
0.738396 2.565763 
0.738776 2.565380 
0.739157 2.565009 
0.739723 2.564719 
0.740151 2.564362 
0.740695 2.564081 
0.741091 2.563742 
0.741527 2.563458 
0.741996 2.563158 
0.742462 2.562858 
0.742901 2.562542 
0.743288 2.562230 
0.743839 2.561977 
0.744745 2.561590 
0.744838 2.561459 
0.745174 2.561097 
0.745676 2.560793 
0.746203 2.560526 
0.746431 2.560080 
0.747107 2.559828 
0.747516 2.559563 
0.748253 2.559070 
0.748228 2.558793 
0.748844 2.558565 
0.749253 2.558197 
0.749767 2.557888 
0.750209 2.557540 
0.750560 2.557175 
0.750974 2.556798 
0.751442 2.556465 
0.751868 2.556118 
0.752303 2.555766 
0.752751 2.555431 
0.753252 2.555117 
0.753619 2.554737 
0.754059 2.554386 
0.754445 2.554030 
0.754909 2.553728 
0.755267 2.553355 
0.755764 2.553048 
0.756104 2.552712 
0.756522 2.552361 
0.756961 2.552021 
0.757338 2.551625 
0.757792 2.551306 
0.758224 2.551009 
0.758551 2.550665 
0.758981 2.550344 
0.759312 2.549979 
0.759703 2.549648 
0.760098 2.549307 
0.760479 2.548981 
0.760848 2.548671 
0.761172 2.548337 
0.761580 2.547992 
0.761971 2.547673 
0.762345 2.547286 
0.762748 2.546938 
0.763167 2.546576 
0.763559 2.546212 
0.764008 2.545889 
0.764611 2.545470 
0.764980 2.545092 
0.765467 2.544689 
0.765591 2.544414 
0.766098 2.544032 
0.766657 2.543508 
0.767028 2.543211 
0.767121 2.542874 
0.767559 2.542547 
0.768173 2.542065 
0.768537 2.541684 
0.768915 2.541402 
0.769387 2.540887 
0.769807 2.540526 
0.769787 2.540263 
0.770306 2.539923 
0.770660 2.539617 
0.771081 2.539165 
0.771640 2.538652 
0.771709 2.538438 
0.772122 2.538073 
0.772506 2.537715 
0.772879 2.537329 
0.773234 2.536942 
0.773857 2.536385 
0.773879 2.536168 
0.774444 2.535648 
0.774910 2.535267 
0.774808 2.535038 
0.775134 2.534693 
0.775623 2.534394 
0.776051 2.533865 
0.776316 2.533681 
0.776805 2.533187 
0.776907 2.532923 
0.777022 2.532460 
0.777550 2.532206 
0.778087 2.531738 
0.778205 2.531369 
0.778522 2.530996 
0.778856 2.530633 
0.779297 2.530112 
0.779655 2.529692 
0.779986 2.529454 
0.780436 2.528938 
0.780619 2.528627 
0.781025 2.528225 
0.781207 2.527867 
0.781592 2.527453 
0.782119 2.526832 
0.782338 2.526426 
0.782732 2.526119 
0.782877 2.525846 
0.783233 2.525460 
0.783528 2.525041 
0.783821 2.524643 
0.784140 2.524260 
0.784434 2.523863 
0.784756 2.523459 
0.785037 2.523077 
0.785376 2.522694 
0.785693 2.522264 
0.786036 2.521860 
0.786334 2.521453 
0.786628 2.521079 
0.786904 2.520696 
0.787233 2.520307 
0.787508 2.519922 
0.787812 2.519518 
0.788376 2.518975 
0.788697 2.518548 
0.788823 2.518331 
0.789037 2.518060 
0.789197 2.517611 
0.789516 2.517252 
0.789876 2.516857 
0.790173 2.516462 
0.790415 2.516024 
0.790895 2.515467 
0.791006 2.515198 
0.791513 2.514587 
0.791556 2.514360 
0.792121 2.513748 
0.792459 2.513329 
0.792653 2.512876 
0.792973 2.512494 
0.793369 2.512016 
0.793400 2.511782 
0.793869 2.511184 
0.794051 2.510919 
0.794273 2.510471 
0.794573 2.510008 
0.794936 2.509569 
0.795267 2.509263 
0.795479 2.508739 
0.795752 2.508365 
0.796252 2.507841 
0.796228 2.507485 
0.796547 2.507010 
0.797037 2.506390 
0.797269 2.506199 
0.797515 2.505615 
0.797687 2.505334 
0.798068 2.504745 
0.798206 2.504467 
0.798535 2.503928 
0.798671 2.503638 
0.798830 2.503199 
0.799113 2.502819 
0.799389 2.502344 
0.799643 2.501992 
0.799936 2.501446 
0.800146 2.501174 
0.800346 2.500770 
0.800602 2.500329 
0.800851 2.499873 
0.801089 2.499455 
0.801346 2.498992 
0.801599 2.498538 
0.801829 2.498128 
0.802073 2.497692 
0.802315 2.497255 
0.802560 2.496820 
0.802811 2.496364 
0.803073 2.495903 
0.803310 2.495475 
0.803549 2.495046 
0.803788 2.494619 
0.804036 2.494173 
0.804286 2.493729 
0.804539 2.493275 
0.804778 2.492847 
0.805023 2.492410 
0.805265 2.491974 
0.805514 2.491528 
0.805757 2.491092 
0.805893 2.490594 
0.806135 2.490168 
0.806384 2.489712 
0.806621 2.489295 
0.806801 2.488685 
0.806969 2.488332 
0.807443 2.487978 
0.807566 2.487131 
0.807668 2.486856 
0.807855 2.486455 
0.808185 2.486194 
0.808357 2.485740 
0.808554 2.485289 
0.808782 2.484855 
0.809006 2.484441 
0.809191 2.484040 
0.809368 2.483635 
0.809585 2.483207 
0.809751 2.482772 
0.809977 2.482327 
0.810175 2.481864 
0.810394 2.481413 
0.810590 2.480939 
0.810802 2.480496 
0.810988 2.480017 
0.811222 2.479563 
0.811407 2.479070 
0.811644 2.478573 
0.811827 2.478090 
0.812058 2.477453 
0.812297 2.477174 
0.812473 2.476355 
0.812634 2.476125 
0.812846 2.475648 
0.813043 2.475128 
0.813273 2.474454 
0.813426 2.473921 
0.813679 2.473684 
0.813778 2.473247 
0.814050 2.472460 
0.814170 2.472321 
0.814347 2.471824 
0.814591 2.471022 
0.814722 2.470521 
0.814966 2.470418 
0.815044 2.469889 
0.815262 2.469174 
0.815430 2.468890 
0.815645 2.468094 
0.815780 2.467962 
0.815888 2.467496 
0.816047 2.467012 
0.816245 2.466551 
0.816365 2.466056 
0.816547 2.465321 
0.816695 2.464808 
0.816842 2.464685 
0.816997 2.463970 
0.817227 2.463444 
0.817299 2.463004 
0.817434 2.462758 
0.817614 2.461966 
0.817851 2.461479 
0.817947 2.461304 
0.818081 2.460452 
0.818155 2.460149 
0.818354 2.459814 
0.818535 2.459342 
0.818621 2.458817 
0.818841 2.458081 
0.819040 2.457562 
0.819162 2.457401 
0.819296 2.456904 
0.819386 2.456267 
0.819586 2.455886 
0.819686 2.455232 
0.819899 2.454893 
0.820064 2.454424 
0.820127 2.453553 
0.820441 2.453271 
0.820597 2.452945 
0.820637 2.452430 
0.820760 2.451616 
0.820892 2.451391 
0.821185 2.450777 
0.821291 2.450423 
0.821460 2.449796 
0.821737 2.449207 
0.821816 2.448862 
0.821861 2.448555 
0.822053 2.447780 
0.822256 2.447343 
0.822360 2.446794 
0.822521 2.446723 
0.822702 2.446321 
0.822814 2.445708 
0.822874 2.445409 
0.823075 2.444708 
0.823107 2.444462 
0.823320 2.443642 
0.823606 2.443241 
0.823620 2.442653 
0.823853 2.442245 
0.824004 2.442043 
0.824285 2.441489 
0.824317 2.440694 
0.824598 2.440233 
0.824593 2.439978 
0.824587 2.439139 
0.824905 2.438789 
0.825153 2.438377 
0.825196 2.437852 
0.825313 2.437287 
0.825538 2.436910 
0.825607 2.436409 
0.825885 2.435935 
0.825996 2.435550 
0.826110 2.434697 
0.826408 2.434302 
0.826361 2.433703 
0.826579 2.433379 
0.826896 2.433075 
0.826830 2.432464 
0.826969 2.431822 
0.827144 2.431461 
0.827670 2.430953 
0.827544 2.430470 
0.827688 2.429817 
0.828084 2.429249 
0.827916 2.428685 
0.828082 2.428377 
0.828557 2.427977 
0.828523 2.427488 
0.828572 2.426955 
0.829030 2.426535 
0.829072 2.425975 
0.829049 2.425457 
0.829396 2.424987 
0.829418 2.424575 
0.829459 2.424244 
0.829764 2.423750 
0.829832 2.423341 
0.829963 2.422750 
0.830037 2.422356 
0.830327 2.421910 
0.830373 2.421307 
0.830453 2.420664 
0.830778 2.420181 
0.831107 2.419689 
0.830974 2.419214 
0.831232 2.418922 
0.831315 2.418351 
0.831471 2.417922 
0.831646 2.417447 
0.831834 2.416636 
0.831906 2.416412 
0.832304 2.415776 
0.832282 2.415168 
0.832389 2.414735 
0.832553 2.414243 
0.832726 2.413927 
0.832853 2.413448 
0.832999 2.412934 
0.833188 2.412307 
0.833321 2.411614 
0.833659 2.411252 
0.833692 2.410698 
0.833912 2.410202 
0.833980 2.410057 
0.834089 2.409591 
0.834233 2.409008 
0.834298 2.408609 
0.834529 2.408188 
0.834697 2.407698 
0.834804 2.407242 
0.834983 2.406815 
0.835137 2.406408 
0.835273 2.405935 
0.835427 2.405470 
0.835584 2.404975 
0.835756 2.404497 
0.835966 2.404019 
0.836138 2.403531 
0.836167 2.402963 
0.836350 2.402218 
0.836509 2.401722 
0.836598 2.401451 
0.836934 2.400699 
0.836870 2.400412 
0.837078 2.399944 
0.837308 2.399145 
0.837419 2.398715 
0.837550 2.398387 
0.837845 2.397681 
0.838036 2.397489 
0.838168 2.396991 
0.838305 2.396415 
0.838266 2.395912 
0.838571 2.395246 
0.838755 2.394718 
0.838916 2.394420 
0.839061 2.393814 
0.839164 2.393572 
0.839200 2.393008 
0.839660 2.392384 
0.839901 2.391923 
0.839664 2.391137 
0.839964 2.390892 
0.840091 2.390517 
0.840234 2.389760 
0.840565 2.389361 
0.840491 2.388839 
0.840541 2.388592 
0.840912 2.387859 
0.840921 2.387681 
0.840987 2.387019 
0.841307 2.386603 
0.841397 2.386343 
0.841510 2.385845 
0.841763 2.385082 
0.841997 2.384686 
0.842092 2.384029 
0.842150 2.383878 
0.842303 2.383139 
0.842456 2.382949 
0.842579 2.382446 
0.842715 2.381949 
0.842909 2.381198 
0.843082 2.380642 
0.843275 2.380223 
0.843545 2.379869 
0.843508 2.379482 
0.843661 2.378972 
0.843840 2.378545 
0.844058 2.377796 
0.844179 2.377544 
0.844326 2.377041 
0.844470 2.376537 
0.844654 2.376056 
0.844816 2.375574 
0.844960 2.375094 
0.845111 2.374605 
0.845273 2.374112 
0.845416 2.373641 
0.845537 2.373124 
0.845728 2.372635 
0.845894 2.372133 
0.846049 2.371646 
0.846192 2.371188 
0.846347 2.370737 
0.846460 2.370239 
0.846626 2.369769 
0.846786 2.369321 
0.846946 2.368849 
0.847053 2.368359 
0.847210 2.367920 
0.847355 2.367497 
0.847527 2.367032 
0.847669 2.366561 
0.847826 2.366077 
0.847949 2.365561 
0.848120 2.365084 
0.848278 2.364577 
0.848441 2.364094 
0.848596 2.363597 
0.848764 2.363107 
0.848888 2.362580 
0.849084 2.362060 
0.849227 2.361578 
0.849387 2.361084 
0.849553 2.360581 
0.849725 2.360081 
0.849835 2.359559 
0.850018 2.359064 
0.850178 2.358571 
0.850340 2.358089 
0.850505 2.357631 
0.850663 2.357123 
0.850850 2.356643 
0.851032 2.356138 
0.851246 2.355696 
0.851408 2.355145 
0.851715 2.354709 
0.851858 2.354274 
0.852104 2.353793 
0.852335 2.353270 
0.852287 2.352749 
0.852075 2.352024 
0.852357 2.351380 
0.852546 2.350948 
0.852878 2.350709 
0.852842 2.350105 
0.853008 2.349796 
0.853063 2.349209 
0.853297 2.348664 
0.853424 2.348162 
0.853724 2.348021 
0.853851 2.347312 
0.854136 2.346865 
0.854242 2.346626 
0.854473 2.346205 
0.854625 2.345705 
0.854666 2.344801 
0.854849 2.344468 
0.854980 2.344186 
0.855065 2.343317 
0.855005 2.342883 
0.855070 2.342461 
0.855352 2.342046 
0.855504 2.341271 
0.855663 2.340845 
0.855869 2.340364 
0.855956 2.340000 
0.856142 2.339566 
0.856257 2.339047 
0.856442 2.338554 
0.856658 2.338114 
0.856828 2.337544 
0.857053 2.336972 
0.856983 2.336337 
0.857484 2.336033 
0.857239 2.335392 
0.857445 2.334889 
0.857707 2.334417 
0.857791 2.334188 
0.858039 2.333743 
0.858195 2.333029 
0.858524 2.332606 
0.858430 2.332083 
0.858376 2.331446 
0.858675 2.331029 
0.859011 2.330643 
0.859070 2.330402 
0.859517 2.329907 
0.859432 2.329435 
0.859477 2.328682 
0.859792 2.328308 
0.860006 2.327867 
0.860082 2.327702 
0.860450 2.327313 
0.860592 2.326819 
0.860700 2.326307 
0.860740 2.325745 
0.860752 2.325178 
0.860871 2.324662 
0.860924 2.324118 
0.861148 2.323636 
0.861412 2.323165 
0.861660 2.322719 
0.861908 2.322274 
0.861820 2.321618 
0.861677 2.320930 
0.861904 2.320118 
0.861845 2.319582 
0.862121 2.318990 
0.862332 2.318948 
0.862584 2.318516 
0.862841 2.318065 
0.863155 2.317370 
0.863235 2.316738 
0.863388 2.316629 
0.863549 2.315722 
0.863653 2.315220 
0.863868 2.315076 
0.863918 2.314588 
0.864074 2.313885 
0.864339 2.313289 
0.864444 2.313107 
0.864597 2.312631 
0.864665 2.312108 
0.864858 2.311322 
0.865086 2.310866 
0.865165 2.310737 
0.865345 2.309990 
0.865396 2.309710 
0.865573 2.309317 
0.865633 2.308823 
0.865743 2.308219 
0.866166 2.307860 
0.866332 2.307174 
0.866320 2.306950 
0.866574 2.306119 
0.866605 2.305712 
0.866914 2.305506 
0.866905 2.304963 
0.867101 2.304237 
0.867359 2.303693 
0.867424 2.303501 
0.867607 2.302676 
0.867745 2.302375 
0.867841 2.301844 
0.867999 2.301508 
0.868166 2.301063 
0.868364 2.300430 
0.868505 2.299844 
0.868632 2.299537 
0.868719 2.299070 
0.868936 2.298435 
0.868985 2.298073 
0.869228 2.297326 
0.869581 2.296917 
0.869520 2.296493 
0.869944 2.296145 
0.869867 2.295634 
0.870167 2.295136 
0.870136 2.294420 
0.870413 2.293934 
0.870500 2.293352 
0.870701 2.292995 
0.870769 2.292690 
0.870885 2.292010 
0.871088 2.291779 
0.871240 2.291326 
0.871336 2.290854 
0.871507 2.290215 
0.871497 2.289901 
0.871790 2.289503 
0.871948 2.289029 
0.872015 2.288461 
0.872266 2.287775 
0.872274 2.287505 
0.872546 2.287119 
0.872692 2.286663 
0.872794 2.285803 
0.872929 2.285648 
0.873217 2.285226 
0.873286 2.284658 
0.873554 2.284027 
0.873705 2.283712 
0.873892 2.282911 
0.874090 2.282518 
0.874231 2.282151 
0.874253 2.281257 
0.874689 2.280893 
0.874734 2.280598 
0.874868 2.280134 
0.874995 2.279656 
0.875218 2.279161 
0.875360 2.278668 
0.875398 2.277762 
0.875607 2.277512 
0.875721 2.277106 
0.875758 2.276530 
0.875879 2.276014 
0.876001 2.275510 
0.876211 2.275054 
0.876495 2.274435 
0.876648 2.273982 
0.876666 2.273385 
0.877022 2.273045 
0.877288 2.272472 
0.877220 2.272055 
0.877358 2.271446 
0.877483 2.271046 
0.877742 2.270778 
0.877788 2.270231 
0.877954 2.269854 
0.878125 2.269400 
0.878221 2.268881 
0.878397 2.268373 
0.878574 2.267680 
0.878687 2.267000 
0.878993 2.266724 
0.879053 2.266436 
0.879143 2.265925 
0.879239 2.265143 
0.879356 2.264923 
0.879595 2.264243 
0.879781 2.263900 
0.879986 2.263212 
0.880016 2.262965 
0.880240 2.262494 
0.880417 2.261781 
0.880567 2.261235 
0.880690 2.261017 
0.880961 2.260251 
0.881089 2.259693 
0.881206 2.259198 
0.881364 2.259068 
0.881504 2.258265 
0.881690 2.258082 
0.881791 2.257509 
0.881991 2.257082 
0.882209 2.256413 
0.882504 2.256097 
0.882497 2.255291 
0.882715 2.255161 
0.882423 2.254184 
0.882796 2.253900 
0.883242 2.253554 
0.883211 2.253010 
0.883662 2.252746 
0.883705 2.252151 
0.883648 2.251810 
0.883949 2.251417 
0.884158 2.250859 
0.884227 2.250543 
0.884438 2.250065 
0.884680 2.249753 
0.884825 2.249009 
0.884896 2.248671 
0.884955 2.247936 
0.885299 2.247647 
0.884828 2.246674 
0.885275 2.246625 
0.885366 2.245818 
0.885517 2.245638 
0.885622 2.245044 
0.885887 2.244620 
0.886092 2.243863 
0.886143 2.243571 
0.886485 2.243121 
0.886476 2.242543 
0.886672 2.241725 
0.886909 2.241354 
0.887034 2.241114 
0.887139 2.240623 
0.887245 2.240075 
0.887383 2.239465 
0.887588 2.238789 
0.887803 2.238474 
0.887933 2.238008 
0.888083 2.237646 
0.888165 2.236912 
0.888325 2.236623 
0.888472 2.236122 
0.888665 2.235610 
0.888843 2.235125 
0.889062 2.234675 
0.889262 2.234226 
0.889426 2.233539 
0.889555 2.233267 
0.890395 2.232785 
0.890417 2.232592 
0.890753 2.232253 
0.891159 2.231700 
0.890982 2.231075 
0.891224 2.230671 
0.891102 2.229996 
0.890675 2.229231 
0.890510 2.228738 
0.890547 2.228163 
0.891229 2.227719 
0.891003 2.227181 
0.891413 2.226710 
0.891561 2.226519 
0.891736 2.226033 
0.891933 2.225536 
0.891891 2.224939 
0.892040 2.224427 
0.892290 2.224028 
0.892615 2.223339 
0.892677 2.223042 
0.892817 2.222512 
0.892982 2.222020 
0.893192 2.221222 
0.893435 2.220933 
0.893649 2.220630 
0.894033 2.219973 
0.894061 2.219508 
0.893724 2.218655 
0.893999 2.218546 
0.894142 2.217720 
0.894312 2.217334 
0.894462 2.217051 
0.894598 2.216269 
0.894737 2.216059 
0.894999 2.215358 
0.895052 2.214942 
0.895439 2.214791 
0.895464 2.214267 
0.895988 2.213792 
0.896325 2.213419 
0.896589 2.212925 
0.896713 2.212685 
0.896919 2.212239 
0.897008 2.211796 
0.896957 2.210988 
0.897170 2.210741 
0.897192 2.210249 
0.897272 2.209698 
0.896955 2.208685 
0.897199 2.208306 
0.897568 2.207962 
0.897676 2.207427 
0.897721 2.207017 
0.897923 2.206306 
0.898093 2.205907 
0.898116 2.205542 
0.898253 2.205012 
0.898409 2.204515 
0.898594 2.204033 
0.898898 2.203470 
0.899045 2.203094 
0.899467 2.202448 
0.899446 2.202115 
0.899383 2.201622 
0.899640 2.200862 
0.899926 2.200551 
0.900274 2.200276 
0.900379 2.199613 
0.900601 2.199325 
0.900668 2.198800 
0.900921 2.198049 
0.901156 2.197906 
0.901234 2.197365 
0.901033 2.196279 
0.901277 2.195957 
0.901354 2.195427 
0.901487 2.195112 
0.901571 2.194506 
0.901859 2.194130 
0.901647 2.193231 
0.901768 2.192818 
0.902119 2.192532 
0.902384 2.192188 
0.902370 2.191482 
0.902450 2.191286 
0.902722 2.190774 
0.902743 2.190235 
0.903043 2.189750 
0.903081 2.189382 
0.903395 2.188699 
0.903428 2.188465 
0.903676 2.187939 
0.903757 2.187504 
0.903887 2.186797 
0.903967 2.186453 
0.904169 2.185855 
0.904571 2.185369 
0.904663 2.184928 
0.904523 2.184266 
0.904802 2.183849 
0.904820 2.183160 
0.905258 2.182809 
0.905303 2.182433 
0.905523 2.181801 
0.905683 2.181512 
0.905729 2.180965 
0.905918 2.180315 
0.906004 2.179778 
0.906171 2.179472 
0.906305 2.179007 
0.906398 2.178235 
0.906590 2.178045 
0.906690 2.177332 
0.906739 2.176615 
0.907015 2.176300 
0.907153 2.175919 
0.907127 2.175412 
0.907720 2.174987 
0.907655 2.174333 
0.907710 2.174158 
0.908008 2.173741 
0.908057 2.173241 
0.908251 2.172628 
0.908517 2.172157 
0.908558 2.171848 
0.908757 2.171456 
0.908996 2.170798 
0.908948 2.170142 
0.909092 2.169925 
0.908941 2.169233 
0.909020 2.168705 
0.909410 2.168350 
0.909608 2.167922 
0.909803 2.167252 
0.910038 2.166879 
0.910299 2.166452 
0.910528 2.165858 
0.910650 2.165262 
0.911143 2.165148 
0.911796 2.164769 
0.911982 2.164231 
0.912228 2.163864 
0.912587 2.163412 
0.912299 2.162747 
0.911969 2.162127 
0.911936 2.161548 
0.912023 2.160979 
0.911640 2.160214 
0.911652 2.159614 
0.911520 2.158921 
0.911986 2.158461 
0.912018 2.157998 
0.912340 2.157662 
0.912743 2.157130 
0.913061 2.156713 
0.913848 2.156420 
0.913888 2.155995 
0.914009 2.155467 
0.913975 2.154909 
0.914186 2.154524 
0.914368 2.154144 
0.914426 2.153753 
0.914486 2.153237 
0.914734 2.152572 
0.914926 2.152096 
0.914912 2.151550 
0.914805 2.151204 
0.914863 2.150687 
0.915333 2.149976 
0.915574 2.149767 
0.915694 2.149157 
0.915849 2.148660 
0.915976 2.148147 
0.916026 2.147866 
0.916299 2.147422 
0.916440 2.146814 
0.916783 2.146512 
0.917010 2.145815 
0.917063 2.145478 
0.917327 2.145099 
0.917570 2.144285 
0.917668 2.143983 
0.917576 2.143187 
0.917674 2.142956 
0.917774 2.142416 
0.917875 2.141603 
0.918137 2.141233 
0.918180 2.140925 
0.918419 2.140463 
0.918533 2.139897 
0.918573 2.139219 
0.918634 2.138911 
0.919011 2.138537 
0.919145 2.138005 
0.919364 2.137566 
0.919544 2.137117 
0.919679 2.136424 
0.919814 2.136145 
0.920209 2.135541 
0.920211 2.134912 
0.920277 2.134721 
0.920495 2.133983 
0.920722 2.133651 
0.920786 2.133424 
0.921103 2.132787 
0.921055 2.132429 
0.921084 2.131574 
0.921195 2.131395 
0.921446 2.130940 
0.921685 2.130214 
0.921735 2.129647 
0.922006 2.129409 
0.922125 2.129016 
0.922307 2.128203 
0.922429 2.127996 
0.922555 2.127482 
0.922763 2.126991 
0.923039 2.126401 
0.923193 2.125890 
0.923223 2.125232 
0.923305 2.124716 
0.923607 2.124289 
0.923623 2.123875 
0.923845 2.123472 
0.924271 2.122977 
0.924552 2.122355 
0.924853 2.122076 
0.924975 2.121594 
0.925240 2.121238 
0.925454 2.120797 
0.925688 2.120343 
0.925707 2.119472 
0.925665 2.119185 
0.926027 2.118494 
0.925867 2.118118 
0.925964 2.117588 
0.925918 2.117024 
0.926000 2.116520 
0.926203 2.116083 
0.926415 2.115595 
0.926642 2.114955 
0.926821 2.114437 
0.926957 2.114066 
0.927143 2.113871 
0.927328 2.113173 
0.927363 2.112906 
0.927515 2.112063 
0.927541 2.111826 
0.927591 2.110984 
0.927649 2.110718 
0.928084 2.110400 
0.928447 2.109846 
0.928755 2.109354 
0.928960 2.108839 
0.928952 2.108365 
0.929101 2.108024 
0.929461 2.107664 
0.929632 2.107153 
0.929677 2.106662 
0.929756 2.105996 
0.929791 2.105294 
0.929934 2.104882 
0.929981 2.104460 
0.930057 2.103793 
0.930270 2.103306 
0.930307 2.102982 
0.930618 2.102343 
0.930777 2.101927 
0.930924 2.101253 
0.931048 2.100864 
0.931285 2.100574 
0.931415 2.099890 
0.931418 2.099331 
0.931388 2.098799 
0.931755 2.098499 
0.932033 2.097967 
0.932408 2.097719 
0.931959 2.096929 
0.932183 2.096505 
0.932455 2.096198 
0.932435 2.095455 
0.932540 2.095169 
0.932953 2.094839 
0.932521 2.093887 
0.932930 2.093600 
0.933165 2.093307 
0.933151 2.092693 
0.933177 2.092318 
0.933683 2.091855 
0.933812 2.091470 
0.934314 2.091052 
0.934056 2.090277 
0.934005 2.089894 
0.934886 2.089481 
0.934790 2.088935 
0.935186 2.088664 
0.935755 2.088111 
0.935818 2.087882 
0.935832 2.087261 
0.936250 2.086795 
0.936182 2.085979 
0.936379 2.085562 
0.936478 2.085250 
0.936510 2.084718 
0.936469 2.084008 
0.936849 2.083488 
0.936521 2.082629 
0.936831 2.082573 
0.936706 2.081632 
0.936901 2.081249 
0.937220 2.080911 
0.937465 2.080270 
0.937734 2.079859 
0.937848 2.079590 
0.937825 2.078890 
0.937719 2.078178 
0.937860 2.077626 
0.937856 2.077349 
0.938126 2.076951 
0.938340 2.076268 
0.938413 2.075954 
0.938630 2.075559 
0.938681 2.075027 
0.938887 2.074593 
0.939100 2.074173 
0.939358 2.073733 
0.939641 2.073112 
0.939819 2.072570 
0.940153 2.072207 
0.939936 2.071536 
0.940279 2.071200 
0.940695 2.070699 
0.940721 2.070233 
0.940868 2.069686 
0.940839 2.069097 
0.941330 2.068787 
0.941508 2.068359 
0.940985 2.067529 
0.941103 2.067068 
0.941421 2.066787 
0.941648 2.066376 
0.941892 2.065893 
0.941977 2.065231 
0.942033 2.064839 
0.942195 2.064035 
0.942417 2.063885 
0.942528 2.063385 
0.942620 2.062853 
0.942999 2.062148 
0.943078 2.061952 
0.943398 2.061603 
0.943530 2.061081 
0.943848 2.060491 
0.943715 2.059856 
0.943859 2.059398 
0.943719 2.058713 
0.944129 2.058357 
0.944096 2.057847 
0.944430 2.057449 
0.944657 2.057014 
0.944881 2.056636 
0.945125 2.056223 
0.945308 2.055924 
0.945621 2.055526 
0.945660 2.055021 
0.945383 2.054397 
0.945849 2.053981 
0.946144 2.053538 
0.946467 2.053169 
0.946528 2.052665 
0.946666 2.052032 
0.946580 2.051468 
0.946681 2.050906 
0.946797 2.050249 
0.946757 2.049929 
0.947107 2.049552 
0.947445 2.049133 
0.947644 2.048340 
0.947898 2.047875 
0.947895 2.047587 
0.948079 2.047083 
0.948298 2.046301 
0.948567 2.045968 
0.948621 2.045450 
0.948713 2.045134 
0.948856 2.044412 
0.949047 2.044038 
0.949256 2.043467 
0.949635 2.043107 
0.949705 2.042698 
0.949819 2.042282 
0.950013 2.041795 
0.950125 2.041285 
0.950373 2.040678 
0.950385 2.040009 
0.950685 2.039833 
0.950375 2.038824 
0.950595 2.038626 
0.950783 2.038192 
0.950982 2.037399 
0.951106 2.037022 
0.951254 2.036623 
0.951426 2.036078 
0.951484 2.035812 
0.951637 2.035371 
0.951896 2.034931 
0.952103 2.034176 
0.952230 2.033984 
0.952612 2.033590 
0.952846 2.033137 
0.953102 2.032764 
0.952872 2.032064 
0.953166 2.031403 
0.953494 2.030978 
0.953750 2.030687 
0.953788 2.030146 
0.953982 2.029785 
0.954200 2.029346 
0.954322 2.028818 
0.954413 2.027929 
0.954516 2.027415 
0.954530 2.027147 
0.954757 2.026702 
0.955079 2.026275 
0.955128 2.025626 
0.955256 2.025125 
0.955249 2.024629 
0.955321 2.024085 
0.955428 2.023355 
0.955615 2.022920 
0.955668 2.022286 
0.955942 2.021889 
0.956240 2.021483 
0.956177 2.021127 
0.956401 2.020370 
0.956483 2.020198 
0.956649 2.019626 
0.956873 2.019225 
0.956680 2.018418 
0.956676 2.017957 
0.956771 2.017472 
0.957141 2.017129 
0.957392 2.016754 
0.957599 2.016205 
0.957713 2.015845 
0.957300 2.015098 
0.957810 2.014754 
0.957954 2.014262 
0.958390 2.013864 
0.958527 2.013505 
0.958611 2.012738 
0.959249 2.012545 
0.959146 2.011916 
0.958526 2.010895 
0.959310 2.010828 
0.959532 2.010413 
0.959820 2.010196 
0.959903 2.009384 
0.960089 2.009122 
0.960086 2.008353 
0.960223 2.008073 
0.960465 2.007293 
0.960534 2.007022 
0.960894 2.006604 
0.960794 2.005781 
0.960896 2.005380 
0.961107 2.005063 
0.961284 2.004360 
0.961467 2.003867 
0.961553 2.003548 
0.962103 2.003202 
0.961585 2.002192 
0.961841 2.001841 
0.961981 2.001427 
0.962467 2.000851 
0.962385 2.000198 
0.962686 1.999828 
0.962800 1.999571 
0.963045 1.998952 
0.962986 1.998645 
0.963196 1.997925 
0.963389 1.997460 
0.963510 1.997115 
0.963593 1.996600 
0.963811 1.996356 
0.964068 1.995984 
0.964375 1.995330 
0.964396 1.994769 
0.964566 1.994555 
0.964857 1.993871 
0.965166 1.993550 
0.965008 1.992912 
0.965157 1.992435 
0.965495 1.992027 
0.965031 1.991173 
0.965297 1.990657 
0.965580 1.990288 
0.965984 1.990101 
0.966258 1.989545 
0.966505 1.989190 
0.966342 1.988583 
0.966559 1.987926 
0.966694 1.987302 
0.966782 1.987043 
0.967233 1.986378 
0.967387 1.985926 
0.967451 1.985331 
0.967383 1.985053 
0.967943 1.984678 
0.967044 1.983730 
0.967748 1.983287 
0.967857 1.982867 
0.968060 1.982487 
0.967832 1.981581 
0.968205 1.981537 
0.968450 1.981114 
0.968775 1.980492 
0.968903 1.980015 
0.968973 1.979756 
0.969381 1.979148 
0.969496 1.978777 
0.969711 1.978438 
0.969637 1.977950 
0.969913 1.977417 
0.969733 1.976790 
0.969804 1.976211 
0.969999 1.975747 
0.970136 1.975400 
0.970281 1.974760 
0.970526 1.974415 
0.970777 1.974005 
0.970902 1.973526 
0.971004 1.972735 
0.971193 1.972359 
0.971247 1.971714 
0.971457 1.971465 
0.971676 1.971037 
0.972054 1.970493 
0.972054 1.969897 
0.972081 1.969179 
0.972420 1.969070 
0.972538 1.968506 
0.972912 1.967983 
0.973020 1.967641 
0.973161 1.966883 
0.973330 1.966658 
0.973297 1.966009 
0.973590 1.965463 
0.973388 1.964754 
0.973411 1.964114 
0.973954 1.963776 
0.974092 1.963396 
0.974381 1.962972 
0.974714 1.962517 
0.974900 1.962128 
0.974830 1.961379 
0.975087 1.961007 
0.975072 1.960597 
0.975096 1.960153 
0.975413 1.959460 
0.975532 1.959056 
0.975577 1.958727 
0.975897 1.958413 
0.975977 1.957770 
0.976025 1.957339 
0.976273 1.956698 
0.976316 1.956299 
0.976428 1.955674 
0.976347 1.955056 
0.976863 1.954772 
0.977073 1.954362 
0.977229 1.953922 
0.977386 1.953575 
0.977454 1.952938 
0.977685 1.952574 
0.977637 1.951974 
0.977910 1.951302 
0.977881 1.950781 
0.977978 1.950366 
0.978354 1.950049 
0.978449 1.949174 
0.978699 1.948799 
0.978700 1.948501 
0.978831 1.947991 
0.979097 1.947440 
0.978668 1.946605 
0.979152 1.946211 
0.979484 1.945881 
0.979829 1.945467 
0.980047 1.945051 
0.979905 1.944559 
0.980060 1.943879 
0.980424 1.943440 
0.980452 1.942814 
0.980685 1.942417 
0.980780 1.942195 
0.981166 1.941689 
0.980909 1.941099 
0.981287 1.940635 
0.981207 1.939994 
0.981505 1.939794 
0.981631 1.939326 
0.981890 1.938967 
0.982255 1.938461 
0.982227 1.937929 
0.982314 1.937371 
0.982435 1.936798 
0.982456 1.936328 
0.982291 1.935525 
0.982768 1.935243 
0.982908 1.934736 
0.983111 1.934529 
0.983233 1.933761 
0.983336 1.933383 
0.983497 1.932992 
0.983715 1.932530 
0.983829 1.931975 
0.984236 1.931607 
0.984411 1.931120 
0.984466 1.930544 
0.984420 1.929923 
0.984640 1.929416 
0.984766 1.928924 
0.984964 1.928462 
0.985194 1.927983 
0.985466 1.927563 
0.985597 1.927006 
0.985780 1.926284 
0.985958 1.925948 
0.985977 1.925249 
0.985962 1.924667 
0.986239 1.924250 
0.986447 1.923965 
0.986643 1.923455 
0.986841 1.923062 
0.987061 1.922601 
0.987286 1.922165 
0.987323 1.921453 
0.987356 1.921082 
0.987726 1.920670 
0.987616 1.920162 
0.987915 1.919756 
0.987733 1.919162 
0.988054 1.918631 
0.988264 1.918291 
0.988431 1.917925 
0.988660 1.917458 
0.988976 1.916924 
0.989094 1.916475 
0.989398 1.916129 
0.989634 1.915436 
0.989712 1.915044 
0.989606 1.914252 
0.989622 1.913780 
0.989603 1.913208 
0.989534 1.912413 
0.990083 1.912503 
0.990259 1.911856 
0.990424 1.911216 
0.990710 1.911009 
0.990733 1.910209 
0.990885 1.910019 
0.990967 1.909480 
0.991178 1.909037 
0.991357 1.908575 
0.991410 1.907895 
0.991601 1.907520 
0.991759 1.907070 
0.991937 1.906620 
0.992073 1.906088 
0.992113 1.905630 
0.992304 1.904787 
0.992457 1.904574 
0.992750 1.904154 
0.992801 1.903609 
0.992986 1.903140 
0.993172 1.902408 
0.993182 1.902138 
0.993395 1.901719 
0.993556 1.901270 
0.993757 1.900764 
0.993921 1.900397 
0.994223 1.899833 
0.994379 1.899347 
0.994349 1.898816 
0.994547 1.898400 
0.994671 1.897792 
0.994821 1.897647 
0.994893 1.897081 
0.995048 1.896388 
0.995189 1.895825 
0.995335 1.895632 
0.995474 1.895126 
0.995594 1.894597 
0.995828 1.894121 
0.996059 1.893677 
0.996236 1.892883 
0.996415 1.892663 
0.996830 1.892161 
0.996632 1.891374 
0.996794 1.890812 
0.997016 1.890375 
0.997135 1.890041 
0.997365 1.889642 
0.997586 1.889170 
0.997801 1.888705 
0.998093 1.888170 
0.997996 1.887462 
0.998353 1.887284 
0.998368 1.886479 
0.998547 1.886143 
0.998533 1.885575 
0.998898 1.885114 
0.999237 1.884697 
0.999066 1.884052 
0.999336 1.883458 
0.999326 1.883143 
0.999606 1.882612 
0.999869 1.882015 
0.999958 1.881710 
1.000101 1.881251 
1.000156 1.880537 
1.000328 1.880381 
1.000404 1.879920 
1.000440 1.879229 
1.000556 1.878572 
1.000721 1.878367 
1.000859 1.877654 
1.000912 1.877271 
1.001108 1.876842 
1.001260 1.876354 
1.001675 1.875727 
1.001894 1.875563 
1.001810 1.874966 
1.002304 1.874418 
1.002442 1.874117 
1.002520 1.873359 
1.002626 1.872972 
1.002934 1.872410 
1.003283 1.872136 
1.003411 1.871486 
1.003508 1.871173 
1.003439 1.870367 
1.003549 1.869947 
1.003836 1.869683 
1.003874 1.869064 
1.004050 1.868440 
1.004140 1.868079 
1.004010 1.867193 
1.004213 1.866859 
1.004449 1.866636 
1.004376 1.866011 
1.004700 1.865595 
1.004850 1.865073 
1.005109 1.864427 
1.005179 1.863893 
1.005468 1.863425 
1.005531 1.863094 
1.005657 1.862534 
1.005775 1.862314 
1.005839 1.861800 
1.006068 1.861355 
1.006159 1.860937 
1.006328 1.860228 
1.006654 1.859873 
1.006818 1.859689 
1.006962 1.859060 
1.006911 1.858390 
1.007297 1.857906 
1.007383 1.857566 
1.007504 1.856969 
1.007632 1.856719 
1.007633 1.856101 
1.007858 1.855631 
1.007948 1.855086 
1.008132 1.854376 
1.008274 1.853974 
1.008702 1.853572 
1.008606 1.852797 
1.009062 1.852455 
1.008980 1.852043 
1.009087 1.851243 
1.009251 1.850900 
1.009533 1.850428 
1.009815 1.849943 
1.009895 1.849428 
1.009959 1.849166 
1.010074 1.848406 
1.010343 1.847949 
1.010369 1.847482 
1.010694 1.847229 
1.010797 1.846726 
1.010755 1.846105 
1.010983 1.845489 
1.011155 1.845046 
1.011598 1.844664 
1.011120 1.843733 
1.011537 1.843439 
1.011727 1.842938 
1.011996 1.842733 
1.011998 1.842139 
1.012244 1.841508 
1.012408 1.841360 
1.012478 1.840836 
1.012714 1.840110 
1.012850 1.839889 
1.012918 1.839399 
1.012999 1.838654 
1.013575 1.838266 
1.013348 1.837795 
1.013549 1.837209 
1.013614 1.836822 
1.014017 1.836439 
1.013963 1.835985 
1.014126 1.835229 
1.014230 1.834932 
1.014503 1.834340 
1.014621 1.834027 
1.014737 1.833187 
1.014814 1.832967 
1.014993 1.832438 
1.015197 1.831967 
1.015320 1.831451 
1.015515 1.830965 
1.015736 1.830493 
1.015939 1.830034 
1.016143 1.829563 
1.016237 1.829054 
1.016411 1.828568 
1.016596 1.828098 
1.016743 1.827630 
1.016880 1.827134 
1.017022 1.826618 
1.017206 1.826137 
1.017370 1.825667 
1.017435 1.825177 
1.017577 1.824694 
1.017731 1.824265 
1.017902 1.823787 
1.018054 1.823346 
1.018171 1.822849 
1.018334 1.822391 
1.018452 1.821953 
1.018625 1.821534 
1.018780 1.821082 
1.018843 1.820568 
1.018945 1.820030 
1.019104 1.819557 
1.019309 1.819053 
1.019470 1.818559 
1.019631 1.818087 
1.019826 1.817383 
1.020066 1.816875 
1.020189 1.816395 
1.020232 1.815937 
1.020395 1.815434 
1.020657 1.814824 
1.020965 1.814572 
1.020881 1.813803 
1.020943 1.813323 
1.021201 1.812849 
1.021450 1.812552 
1.021636 1.811900 
1.021880 1.811429 
1.021827 1.810999 
1.021911 1.810484 
1.022199 1.809912 
1.022250 1.809573 
1.022704 1.809060 
1.022791 1.808524 
1.022852 1.807974 
1.022919 1.807565 
1.023079 1.807151 
1.023306 1.806635 
1.023606 1.806139 
1.023640 1.805390 
1.023966 1.805297 
1.023618 1.804520 
1.023958 1.803976 
1.024227 1.803577 
1.024492 1.803175 
1.024618 1.802810 
1.024686 1.802390 
1.024723 1.801574 
1.024921 1.801170 
1.025167 1.800838 
1.025386 1.800342 
1.025303 1.799825 
1.025084 1.799073 
1.025477 1.798709 
1.025394 1.798089 
1.025876 1.797705 
1.025434 1.797035 
1.026117 1.796786 
1.026310 1.796242 
1.026552 1.796021 
1.026538 1.795441 
1.026860 1.795048 
1.027069 1.794580 
1.027417 1.793904 
1.027609 1.793645 
1.027872 1.792933 
1.028114 1.792507 
1.028194 1.792231 
1.028395 1.791610 
1.028642 1.791302 
1.028617 1.790566 
1.028796 1.790094 
1.029013 1.789745 
1.029350 1.789429 
1.029395 1.788675 
1.029666 1.788494 
1.029455 1.787598 
1.029827 1.787175 
1.029738 1.786599 
1.029733 1.786264 
1.030052 1.785880 
1.030280 1.785309 
1.030495 1.784903 
1.030489 1.784143 
1.030701 1.783792 
1.030835 1.783295 
1.030634 1.782678 
1.031139 1.782352 
1.031149 1.782095 
1.031100 1.781416 
1.031079 1.780900 
1.031306 1.780477 
1.031332 1.779908 
1.031912 1.779372 
1.032127 1.778942 
1.032117 1.778513 
1.032304 1.778124 
1.032519 1.777522 
1.032828 1.777226 
1.032640 1.776548 
1.032961 1.776121 
1.033186 1.775662 
1.033350 1.775157 
1.033488 1.774639 
1.033730 1.774179 
1.033986 1.773727 
1.034094 1.773019 
1.034305 1.772657 
1.034417 1.771997 
1.034633 1.771510 
1.034529 1.771132 
1.034690 1.770500 
1.034320 1.769629 
1.035060 1.769447 
1.035197 1.768985 
1.035213 1.768513 
1.035340 1.768045 
1.035561 1.767562 
1.035765 1.767114 
1.035730 1.766282 
1.035566 1.765594 
1.036195 1.765718 
1.036244 1.765079 
1.036274 1.764432 
1.036622 1.764122 
1.036795 1.763624 
1.036956 1.763106 
1.037089 1.762620 
1.037313 1.762344 
1.037440 1.762014 
1.037483 1.761350 
1.037538 1.760717 
1.037759 1.760474 
1.038247 1.759967 
1.037867 1.759183 
1.038112 1.758724 
1.038181 1.758396 
1.038356 1.757863 
1.038492 1.757150 
1.038652 1.756896 
1.039050 1.756350 
1.039030 1.755950 
1.039269 1.755521 
1.039422 1.755057 
1.039551 1.754293 
1.039812 1.753900 
1.039968 1.753587 
1.040231 1.752897 
1.040193 1.752567 
1.040210 1.751786 
1.040022 1.751028 
1.040331 1.750720 
1.040436 1.750160 
1.040672 1.749845 
1.040849 1.749509 
1.041143 1.748837 
1.041315 1.748371 
1.041713 1.747952 
1.041817 1.747725 
1.042119 1.747182 
1.041983 1.746569 
1.042250 1.746271 
1.042448 1.745648 
1.042554 1.745169 
1.042825 1.744702 
1.042892 1.744304 
1.042312 1.743487 
1.042986 1.743258 
1.043043 1.742819 
1.043441 1.742447 
1.043575 1.741845 
1.043227 1.741205 
1.043564 1.740797 
1.043814 1.740341 
1.043956 1.739893 
1.044258 1.739581 
1.044357 1.739121 
1.044767 1.738433 
1.044884 1.738132 
1.044469 1.737214 
1.044949 1.736839 
1.045261 1.736579 
1.045460 1.735922 
1.045478 1.735246 
1.045149 1.734466 
1.045692 1.734357 
1.045699 1.733651 
1.046017 1.733337 
1.046265 1.732810 
1.046548 1.732488 
1.046417 1.731670 
1.046808 1.731499 
1.046789 1.730640 
1.047000 1.730368 
1.047189 1.730016 
1.047510 1.729589 
1.047601 1.728860 
1.047644 1.728495 
1.047977 1.727913 
1.048059 1.727501 
1.048163 1.727055 
1.048246 1.726449 
1.048553 1.726151 
1.048740 1.725441 
1.048977 1.725219 
1.049067 1.724559 
1.049178 1.724141 
1.049361 1.723773 
1.049485 1.723395 
1.049761 1.723023 
1.049841 1.722472 
1.050054 1.722040 
1.050444 1.721560 
1.049585 1.720382 
1.050466 1.720370 
1.049935 1.719351 
1.050578 1.719424 
1.050093 1.718328 
1.050669 1.718146 
1.051130 1.717866 
1.051231 1.717211 
1.051460 1.716927 
1.051949 1.716581 
1.052159 1.716149 
1.052297 1.715573 
1.052457 1.715102 
1.052619 1.714768 
1.052701 1.714276 
1.052874 1.713514 
1.053230 1.713186 
1.053135 1.712766 
1.053333 1.712350 
1.053678 1.711798 
1.053360 1.710968 
1.053701 1.710688 
1.053843 1.710194 
1.054154 1.709761 
1.054396 1.709174 
1.054630 1.708916 
1.054607 1.708238 
1.054798 1.707750 
1.054751 1.707266 
1.055210 1.707030 
1.054938 1.706293 
1.054451 1.705483 
1.055074 1.705316 
1.055003 1.704669 
1.055400 1.704306 
1.055479 1.704075 
1.055781 1.703522 
1.055902 1.703189 
1.056168 1.702502 
1.056345 1.702211 
1.056298 1.701474 
1.056505 1.701098 
1.056513 1.700644 
1.056733 1.700045 
1.056791 1.699402 
1.057165 1.699050 
1.056828 1.698209 
1.057213 1.697863 
1.057674 1.697582 
1.057672 1.696893 
1.057930 1.696476 
1.057873 1.695757 
1.058264 1.695322 
1.058233 1.694813 
1.058384 1.694532 
1.058463 1.693980 
1.058771 1.693624 
1.058986 1.692920 
1.058799 1.692368 
1.059515 1.692172 
1.059547 1.691434 
1.059147 1.690696 
1.058981 1.690156 
1.059618 1.689825 
1.059520 1.689220 
1.059930 1.688774 
1.060274 1.688427 
1.060333 1.688037 
1.060913 1.687594 
1.060671 1.686910 
1.060889 1.686596 
1.060699 1.685860 
1.061147 1.685504 
1.061375 1.685276 
1.061416 1.684554 
1.061527 1.684078 
1.061816 1.683654 
1.061938 1.683116 
1.062125 1.682693 
1.062296 1.682422 
1.062480 1.681826 
1.062464 1.681324 
1.062582 1.680841 
1.062738 1.680401 
1.062924 1.679657 
1.063208 1.679301 
1.063250 1.678740 
1.063380 1.678321 
1.063365 1.677635 
1.063500 1.677116 
1.063806 1.676771 
1.064127 1.676298 
1.064344 1.675857 
1.063971 1.675077 
1.064631 1.675090 
1.064521 1.674410 
1.064862 1.674016 
1.064950 1.673504 
1.065056 1.672728 
1.065111 1.672437 
1.065474 1.672079 
1.065645 1.671384 
1.065768 1.671086 
1.066154 1.670649 
1.066163 1.669841 
1.066289 1.669649 
1.066275 1.669125 
1.066376 1.668322 
1.066480 1.668129 
1.066804 1.667748 
1.066865 1.667244 
1.066969 1.666603 
1.067241 1.666239 
1.067361 1.665917 
1.067553 1.665395 
1.067540 1.664872 
1.067879 1.664351 
1.067917 1.664062 
1.068063 1.663503 
1.068211 1.663025 
1.068308 1.662564 
1.068463 1.662077 
1.068650 1.661609 
1.068843 1.661133 
1.069023 1.660614 
1.069248 1.659950 
1.069314 1.659574 
1.069491 1.659067 
1.069655 1.658551 
1.069800 1.658036 
1.069980 1.657542 
1.070108 1.657016 
1.070286 1.656510 
1.070420 1.656046 
1.070562 1.655563 
1.070747 1.654831 
1.070824 1.654266 
1.071070 1.653912 
1.071186 1.653564 
1.071290 1.653072 
1.071446 1.652518 
1.071627 1.652092 
1.071776 1.651603 
1.071963 1.651123 
1.072141 1.650616 
1.072273 1.650105 
1.072440 1.649603 
1.072582 1.649133 
1.072732 1.648655 
1.072877 1.648174 
1.073046 1.647696 
1.073207 1.647214 
1.073369 1.646755 
1.073538 1.646299 
1.073630 1.645811 
1.073788 1.645361 
1.073903 1.644854 
1.074078 1.644080 
1.074316 1.643813 
1.074569 1.643313 
1.074671 1.642854 
1.074831 1.642416 
1.074764 1.641634 
1.074962 1.641288 
1.075153 1.640809 
1.075243 1.640425 
1.075323 1.639907 
1.075481 1.639309 
1.075875 1.638876 
1.075677 1.638067 
1.075973 1.637659 
1.076245 1.637330 
1.076354 1.636899 
1.076534 1.636266 
1.076696 1.635921 
1.076826 1.635467 
1.076947 1.634950 
1.077075 1.634358 
1.077209 1.633722 
1.077317 1.633450 
1.077535 1.632816 
1.077685 1.632476 
1.078207 1.632103 
1.078440 1.631581 
1.077115 1.630108 
1.078385 1.630325 
1.078454 1.629985 
1.078688 1.629555 
1.078848 1.629003 
1.078924 1.628622 
1.079048 1.628095 
1.079218 1.627778 
1.079391 1.627359 
1.079537 1.626719 
1.079570 1.626325 
1.080005 1.625892 
1.079838 1.625295 
1.080317 1.625001 
1.080293 1.624540 
1.080510 1.623815 
1.080739 1.623416 
1.080622 1.622972 
1.080809 1.622538 
1.081018 1.621945 
1.081225 1.621545 
1.081280 1.620717 
1.081371 1.620218 
1.081564 1.619810 
1.081864 1.619359 
1.082033 1.618870 
1.082170 1.618258 
1.082220 1.617966 
1.082355 1.617159 
1.082875 1.616958 
1.082716 1.616341 
1.082911 1.616027 
1.083059 1.615572 
1.083270 1.614898 
1.083516 1.614429 
1.083594 1.613797 
1.083763 1.613582 
1.083840 1.613075 
1.084014 1.612565 
1.084451 1.612168 
1.084241 1.611260 
1.084545 1.611029 
1.084642 1.610453 
1.084793 1.609999 
1.084922 1.609590 
1.085041 1.608889 
1.085061 1.608385 
1.085390 1.608030 
1.085567 1.607591 
1.085639 1.607184 
1.085841 1.606633 
1.085936 1.606171 
1.085978 1.605862 
1.085998 1.605266 
1.086316 1.604870 
1.086635 1.604431 
1.086731 1.603820 
1.086806 1.603278 
1.086788 1.602867 
1.080888 1.598851 
1.081084 1.598352 
1.083313 1.598945 
1.085082 1.599325 
1.083622 1.598143 
1.083904 1.597751 
1.084354 1.597418 
1.084610 1.596977 
1.085171 1.596684 
1.088642 1.597820 
1.088607 1.597171 
1.087625 1.596440 
1.088510 1.596314 
1.088673 1.595742 
1.087520 1.594365 
1.087274 1.593632 
1.073694 1.585395 
1.071656 1.583811 
1.071719 1.583376 
1.073419 1.583741 
1.076438 1.584855 
1.077920 1.585109 
1.079159 1.585205 
1.081159 1.585669 
1.082162 1.585829 
1.082459 1.585457 
1.082708 1.585023 
1.082935 1.584611 
1.083178 1.584174 
1.083413 1.583756 
1.083437 1.583277 
1.083430 1.582734 
1.083517 1.582232 
1.082637 1.581181 
1.082010 1.580235 
1.082203 1.579804 
1.082460 1.579341 
1.082710 1.578896 
1.082956 1.578461 
1.083198 1.578023 
1.083441 1.577587 
1.083721 1.577124 
1.084281 1.576841 
1.084778 1.576547 
1.085033 1.576081 
1.085370 1.575674 
1.086597 1.575729 
1.086912 1.575356 
1.087161 1.574899 
1.087422 1.574438 
1.087649 1.574027 
1.087895 1.573591 
1.088147 1.573136 
1.088004 1.572277 
1.087060 1.571326 
1.087178 1.570843 
1.087431 1.570377 
1.087682 1.569932 
1.087930 1.569487 
1.087880 1.568864 
1.088063 1.568416 
1.088323 1.567943 
1.088567 1.567507 
1.088822 1.567053 
1.089051 1.566642 
1.088966 1.566046 
1.089148 1.565609 
1.089380 1.565188 
1.089612 1.564769 
1.089848 1.564350 
1.090071 1.563948 
