-0.000301 1.943229 
0.000128 1.943805 
0.000286 1.943927 
0.000638 1.944608 
0.001100 1.944930 
0.001356 1.945353 
0.001694 1.945789 
0.002078 1.946155 
0.002319 1.946596 
0.002706 1.947022 
0.003117 1.947340 
0.003434 1.947816 
0.003660 1.948014 
0.004034 1.948698 
0.004314 1.948756 
0.004712 1.949507 
0.004965 1.949610 
0.005356 1.950168 
0.005548 1.950512 
0.005943 1.951158 
0.006133 1.951352 
0.006483 1.951989 
0.006923 1.952274 
0.007425 1.952379 
0.007528 1.952937 
0.007967 1.953392 
0.008271 1.953605 
0.008526 1.954076 
0.008774 1.954449 
0.009191 1.954946 
0.009587 1.955390 
0.009785 1.955590 
0.010096 1.955965 
0.010388 1.956346 
0.010711 1.956799 
0.011019 1.957069 
0.011408 1.957645 
0.011754 1.958010 
0.012001 1.958291 
0.012446 1.958925 
0.012761 1.959248 
0.012992 1.959362 
0.013295 1.959792 
0.013645 1.960368 
0.013936 1.960597 
0.014300 1.960955 
0.014616 1.961417 
0.014947 1.961984 
0.015150 1.962255 
0.015588 1.962649 
0.015977 1.963379 
0.016094 1.963797 
0.016535 1.964050 
0.017081 1.964074 
0.017314 1.964923 
0.017653 1.965142 
0.017779 1.965548 
0.018199 1.966166 
0.018345 1.966410 
0.018901 1.966575 
0.019279 1.966872 
0.019263 1.967644 
0.019449 1.968181 
0.019813 1.968538 
0.020291 1.969027 
0.020581 1.969180 
0.021953 1.968655 
0.022041 1.968967 
0.028271 1.962519 
0.030668 1.960719 
0.031438 1.960190 
0.033026 1.959349 
0.033709 1.959075 
0.034825 1.958648 
0.035398 1.958486 
0.036291 1.958349 
0.036978 1.958132 
0.038026 1.957599 
0.038649 1.957642 
0.039044 1.957979 
0.039430 1.958312 
0.039793 1.958626 
0.040189 1.958963 
0.040561 1.959282 
0.040955 1.959622 
0.041178 1.960192 
0.041269 1.960854 
0.041825 1.961050 
0.042629 1.960911 
0.047852 1.955655 
0.051189 1.952836 
0.052048 1.952370 
0.052464 1.952622 
0.052834 1.952943 
0.053191 1.953233 
0.053578 1.953581 
0.053966 1.953912 
0.054374 1.954250 
0.054727 1.954561 
0.055408 1.954549 
0.059802 1.950402 
0.060960 1.949618 
0.061377 1.949945 
0.061733 1.950283 
0.062157 1.950619 
0.062543 1.950967 
0.062922 1.951294 
0.063309 1.951625 
0.063773 1.951823 
0.066605 1.949652 
0.067506 1.949045 
0.067738 1.949452 
0.068102 1.949748 
0.068459 1.950054 
0.068808 1.950370 
0.069153 1.950658 
0.069514 1.950974 
0.069894 1.951298 
0.070274 1.951625 
0.070669 1.951962 
0.071048 1.952289 
0.071426 1.952600 
0.071791 1.952912 
0.072097 1.953338 
0.072290 1.953944 
0.070863 1.956379 
0.070303 1.957787 
0.070649 1.958228 
0.071006 1.958550 
0.071393 1.958881 
0.071772 1.959208 
0.072084 1.959659 
0.072075 1.960484 
0.042739 1.995776 
0.043178 1.996278 
0.043343 1.996563 
0.043775 1.996919 
0.044032 1.997173 
0.044318 1.997576 
0.044701 1.998298 
0.045022 1.998646 
0.045397 1.998883 
0.045552 1.999210 
0.045928 1.999525 
0.046309 2.000202 
0.046462 2.000439 
0.046848 2.000863 
0.047129 2.001150 
0.047465 2.001680 
0.047868 2.002193 
0.048050 2.002320 
0.048536 2.002690 
0.048776 2.003255 
0.049047 2.003570 
0.049299 2.003797 
0.049679 2.004446 
0.049935 2.004701 
0.050296 2.005110 
0.050609 2.005297 
0.051043 2.005944 
0.051375 2.006186 
0.051606 2.006639 
0.051816 2.006948 
0.052204 2.007538 
0.052563 2.007658 
0.052838 2.008137 
0.053194 2.008582 
0.053510 2.008920 
0.053858 2.009328 
0.054178 2.009739 
0.054512 2.010133 
0.054852 2.010536 
0.055291 2.011207 
0.055616 2.011473 
0.055880 2.011703 
0.056204 2.012093 
0.056547 2.012692 
0.056877 2.012936 
0.057105 2.013348 
0.057436 2.013791 
0.057755 2.014172 
0.058106 2.014547 
0.058447 2.014964 
0.058783 2.015354 
0.059130 2.015763 
0.059468 2.016199 
0.059780 2.016558 
0.060134 2.016944 
0.060437 2.017297 
0.060716 2.017695 
0.060995 2.018090 
0.061344 2.018452 
0.061673 2.018806 
0.061976 2.019159 
0.062240 2.019528 
0.062564 2.019902 
0.062868 2.020270 
0.063207 2.020659 
0.063499 2.021070 
0.063842 2.021468 
0.064165 2.021861 
0.064483 2.022243 
0.064812 2.022627 
0.065110 2.023048 
0.065459 2.023440 
0.065799 2.024058 
0.066225 2.024389 
0.066444 2.024734 
0.066848 2.025293 
0.067052 2.025624 
0.067637 2.025986 
0.067924 2.026450 
0.068249 2.026730 
0.068260 2.027472 
0.068715 2.027724 
0.069167 2.027689 
0.069311 2.028535 
0.069750 2.028823 
0.069989 2.029128 
0.070602 2.029366 
0.070581 2.030021 
0.071059 2.030046 
0.071375 2.030799 
0.071623 2.030941 
0.071880 2.031392 
0.072256 2.031769 
0.072633 2.032266 
0.072956 2.032596 
0.073206 2.032919 
0.073494 2.033321 
0.073809 2.033675 
0.074154 2.034042 
0.074479 2.034417 
0.074777 2.034805 
0.075064 2.035132 
0.075372 2.035510 
0.075687 2.035895 
0.076013 2.036299 
0.076307 2.036662 
0.076662 2.037063 
0.076972 2.037454 
0.077278 2.037835 
0.077632 2.038221 
0.077931 2.038809 
0.078330 2.039313 
0.078684 2.039667 
0.078879 2.039979 
0.079284 2.040597 
0.079678 2.040875 
0.079883 2.041220 
0.080287 2.041516 
0.080697 2.042192 
0.081090 2.042547 
0.081265 2.042911 
0.081581 2.043172 
0.082017 2.043832 
0.082265 2.043973 
0.082585 2.044430 
0.082870 2.044819 
0.083353 2.045377 
0.083621 2.045819 
0.083904 2.045963 
0.084256 2.046584 
0.084672 2.046988 
0.084909 2.047357 
0.085191 2.047644 
0.085518 2.048060 
0.085805 2.048433 
0.086140 2.048766 
0.086556 2.049370 
0.086890 2.049688 
0.087162 2.050124 
0.087371 2.050279 
0.087689 2.050708 
0.087980 2.050997 
0.088302 2.051391 
0.088619 2.051712 
0.089074 2.052272 
0.089365 2.052747 
0.089666 2.053027 
0.089971 2.053392 
0.090269 2.053721 
0.090559 2.054121 
0.090860 2.054537 
0.091226 2.054909 
0.091613 2.055257 
0.092216 2.055537 
0.092408 2.056127 
0.092622 2.056585 
0.092928 2.057103 
0.093179 2.057472 
0.093539 2.057898 
0.093852 2.058055 
0.094136 2.058615 
0.094415 2.058919 
0.094743 2.059289 
0.095158 2.059912 
0.095391 2.060071 
0.095695 2.060499 
0.096052 2.060850 
0.096403 2.061208 
0.096732 2.061594 
0.097033 2.061963 
0.097390 2.062347 
0.097742 2.062734 
0.098073 2.063116 
0.098329 2.063572 
0.098647 2.063970 
0.098961 2.064355 
0.099277 2.064725 
0.099606 2.065047 
0.099953 2.065410 
0.100275 2.065789 
0.100516 2.066214 
0.100825 2.066531 
0.101138 2.066888 
0.101401 2.067317 
0.101730 2.067717 
0.102009 2.068099 
0.102352 2.068498 
0.102672 2.068878 
0.102998 2.069235 
0.103324 2.069653 
0.103627 2.070054 
0.103993 2.070457 
0.104309 2.070887 
0.104667 2.071253 
0.105011 2.071666 
0.105272 2.072361 
0.105575 2.072683 
0.105978 2.073028 
0.106286 2.073714 
0.106551 2.074141 
0.106928 2.074577 
0.107155 2.074759 
0.107519 2.075333 
0.108166 2.075530 
0.108174 2.076228 
0.108684 2.076156 
0.109174 2.076366 
0.109462 2.076953 
0.109568 2.077630 
0.110081 2.077831 
0.110322 2.078240 
0.110548 2.078622 
0.111023 2.079051 
0.111295 2.079548 
0.111731 2.079808 
0.111985 2.080218 
0.112120 2.080598 
0.112645 2.081017 
0.112846 2.081427 
0.113135 2.081643 
0.113470 2.081990 
0.113805 2.082598 
0.114086 2.082793 
0.114396 2.083461 
0.114746 2.083804 
0.115301 2.083957 
0.115519 2.084517 
0.115769 2.084902 
0.116035 2.085329 
0.116268 2.085595 
0.116624 2.086257 
0.116991 2.086303 
0.117557 2.086657 
0.117474 2.087431 
0.118108 2.087382 
0.118317 2.088122 
0.118653 2.088467 
0.118937 2.088705 
0.119386 2.089302 
0.119500 2.089677 
0.119953 2.090255 
0.120084 2.090609 
0.120725 2.090645 
0.120688 2.091241 
0.121235 2.091495 
0.121455 2.091929 
0.121843 2.092461 
0.122348 2.092716 
0.122521 2.093359 
0.122679 2.093836 
0.123336 2.093807 
0.123244 2.094483 
0.123931 2.094619 
0.124019 2.095240 
0.124566 2.095415 
0.124636 2.095917 
0.125093 2.096429 
0.125387 2.096639 
0.125649 2.097057 
0.125896 2.097290 
0.126228 2.097672 
0.126477 2.097981 
0.126754 2.098488 
0.127174 2.099042 
0.127427 2.099161 
0.127825 2.099680 
0.128092 2.100015 
0.128321 2.100669 
0.128988 2.100721 
0.129229 2.101086 
0.129305 2.101597 
0.129729 2.101993 
0.130236 2.102307 
0.130468 2.102867 
0.130837 2.103128 
0.130981 2.103636 
0.131188 2.104148 
0.131574 2.104496 
0.131996 2.104788 
0.132461 2.105215 
0.132785 2.105558 
0.133105 2.106013 
0.133420 2.106522 
0.133616 2.106817 
0.133818 2.107333 
0.134184 2.107815 
0.134535 2.107989 
0.134784 2.108513 
0.135276 2.108923 
0.135682 2.109048 
0.135927 2.109514 
0.136333 2.109855 
0.136795 2.110529 
0.136962 2.110735 
0.137413 2.111331 
0.137677 2.111484 
0.138038 2.111953 
0.138520 2.112282 
0.138511 2.112969 
0.139009 2.113049 
0.139252 2.113350 
0.139246 2.113942 
0.139722 2.114292 
0.140153 2.114558 
0.140331 2.115026 
0.140791 2.115380 
0.141062 2.115680 
0.141334 2.116223 
0.141632 2.116520 
0.141945 2.116924 
0.142297 2.117250 
0.142716 2.117684 
0.143030 2.118317 
0.143195 2.118600 
0.143554 2.118966 
0.143807 2.119407 
0.144129 2.119815 
0.144479 2.120176 
0.144827 2.120569 
0.145228 2.120931 
0.145648 2.121209 
0.146182 2.121755 
0.146342 2.121968 
0.146736 2.122522 
0.146814 2.123152 
0.147264 2.123520 
0.147731 2.123804 
0.148111 2.123943 
0.148261 2.124399 
0.148503 2.124963 
0.148817 2.125273 
0.149144 2.125675 
0.149452 2.126084 
0.149863 2.126632 
0.150200 2.126977 
0.150399 2.127407 
0.150682 2.127599 
0.151037 2.128121 
0.151358 2.128453 
0.151705 2.128833 
0.152011 2.129214 
0.152337 2.129585 
0.152643 2.129997 
0.152808 2.130143 
0.153288 2.130721 
0.153444 2.130922 
0.153800 2.131398 
0.154142 2.131845 
0.154354 2.132227 
0.154806 2.132637 
0.155039 2.132902 
0.155369 2.133671 
0.156031 2.133743 
0.155988 2.134317 
0.156578 2.134397 
0.156732 2.135016 
0.157148 2.135575 
0.157565 2.136056 
0.157776 2.136257 
0.158258 2.136861 
0.158543 2.137144 
0.158702 2.137298 
0.159036 2.137890 
0.159472 2.138442 
0.159561 2.138861 
0.160194 2.138891 
0.160613 2.139478 
0.160674 2.140053 
0.161211 2.140101 
0.161369 2.140825 
0.161673 2.141300 
0.162057 2.141513 
0.162496 2.141829 
0.162712 2.142377 
0.163057 2.142727 
0.163298 2.143015 
0.163689 2.143666 
0.163986 2.143935 
0.164350 2.144215 
0.164590 2.144428 
0.164900 2.144772 
0.165266 2.145451 
0.165412 2.145589 
0.165729 2.145956 
0.166033 2.146370 
0.166368 2.146748 
0.166806 2.147404 
0.167034 2.147738 
0.167450 2.148098 
0.167794 2.148389 
0.168112 2.148833 
0.168363 2.149045 
0.168741 2.149772 
0.169088 2.149998 
0.169378 2.150458 
0.169647 2.150698 
0.170001 2.151298 
0.170370 2.151684 
0.170691 2.152077 
0.170937 2.152375 
0.171312 2.152828 
0.171766 2.153482 
0.171979 2.153603 
0.172384 2.154267 
0.172483 2.154674 
0.173164 2.154693 
0.173433 2.155287 
0.173645 2.155654 
0.173979 2.156064 
0.174235 2.156210 
0.174495 2.156722 
0.174920 2.157409 
0.175275 2.157563 
0.175463 2.157837 
0.175798 2.158245 
0.176116 2.158549 
0.176409 2.159052 
0.176805 2.159682 
0.177245 2.159907 
0.177407 2.160501 
0.177721 2.160688 
0.178010 2.160827 
0.178200 2.161297 
0.178566 2.162038 
0.179023 2.162166 
0.179283 2.162323 
0.179645 2.162731 
0.179865 2.163258 
0.180324 2.163597 
0.180686 2.164144 
0.180775 2.164470 
0.181193 2.164767 
0.181506 2.165231 
0.181869 2.165776 
0.182289 2.166286 
0.182530 2.166387 
0.182894 2.166823 
0.183170 2.167286 
0.183615 2.168027 
0.183769 2.168384 
0.184395 2.168498 
0.184313 2.169041 
0.185122 2.169112 
0.185324 2.169798 
0.185605 2.170177 
0.185845 2.170574 
0.186085 2.170861 
0.186478 2.171325 
0.186766 2.171650 
0.187119 2.172067 
0.187529 2.172634 
0.187911 2.172989 
0.188110 2.173277 
0.188411 2.173649 
0.188753 2.174034 
0.189046 2.174399 
0.189385 2.174742 
0.189710 2.175100 
0.190016 2.175480 
0.190322 2.175876 
0.190589 2.176256 
0.190902 2.176628 
0.191202 2.176986 
0.191499 2.177346 
0.191817 2.177743 
0.192143 2.178147 
0.192466 2.178523 
0.192783 2.178951 
0.193157 2.179592 
0.193539 2.179837 
0.193791 2.180328 
0.194079 2.180790 
0.194394 2.181007 
0.194636 2.181446 
0.195090 2.181716 
0.195451 2.182048 
0.195684 2.182546 
0.196135 2.183232 
0.196375 2.183336 
0.196808 2.183985 
0.197029 2.184157 
0.197324 2.184550 
0.197642 2.184947 
0.197986 2.185314 
0.198312 2.185702 
0.198648 2.186079 
0.198960 2.186499 
0.199287 2.186886 
0.199599 2.187259 
0.199910 2.187650 
0.200240 2.188048 
0.200571 2.188445 
0.200906 2.188838 
0.201208 2.189224 
0.201522 2.189610 
0.201847 2.189999 
0.202148 2.190386 
0.202459 2.190777 
0.202789 2.191143 
0.203103 2.191530 
0.203410 2.191909 
0.203686 2.192247 
0.203986 2.192619 
0.204298 2.193010 
0.204625 2.193396 
0.204942 2.193778 
0.205278 2.194155 
0.205590 2.194574 
0.205918 2.194930 
0.206259 2.195332 
0.206612 2.195949 
0.206969 2.196424 
0.207202 2.196813 
0.207527 2.197155 
0.207872 2.197415 
0.208180 2.197839 
0.208644 2.198542 
0.208931 2.198792 
0.209236 2.199250 
0.209624 2.199720 
0.209975 2.200141 
0.210281 2.200427 
0.210615 2.200976 
0.210917 2.201131 
0.211223 2.201635 
0.211571 2.201996 
0.211863 2.202424 
0.212164 2.202672 
0.212457 2.203253 
0.213070 2.203644 
0.213242 2.203781 
0.213718 2.204256 
0.213880 2.204835 
0.214215 2.205397 
0.214681 2.205623 
0.214797 2.205947 
0.215044 2.206305 
0.215424 2.206798 
0.215589 2.207083 
0.216099 2.207548 
0.216227 2.207891 
0.216729 2.207920 
0.216911 2.208676 
0.217415 2.208763 
0.217542 2.209322 
0.217944 2.209760 
0.218257 2.209994 
0.218506 2.210441 
0.218892 2.210974 
0.219197 2.211387 
0.219576 2.211698 
0.219772 2.212052 
0.220246 2.212683 
0.220491 2.213013 
0.220949 2.213415 
0.221065 2.213633 
0.221375 2.214040 
0.221734 2.214374 
0.222198 2.215046 
0.222389 2.215193 
0.222837 2.215854 
0.223148 2.216152 
0.223404 2.216375 
0.223754 2.216689 
0.224038 2.217296 
0.224330 2.217554 
0.224661 2.217952 
0.224876 2.218438 
0.225304 2.218707 
0.225747 2.219281 
0.225954 2.219763 
0.226397 2.220092 
0.226646 2.220385 
0.226945 2.220989 
0.227286 2.221252 
0.227582 2.221643 
0.227878 2.221866 
0.228202 2.222349 
0.228532 2.222763 
0.228809 2.223163 
0.229140 2.223576 
0.229363 2.223653 
0.229692 2.224239 
0.230096 2.224689 
0.230333 2.225042 
0.230619 2.225154 
0.231036 2.225850 
0.231285 2.226084 
0.231583 2.226503 
0.231871 2.226798 
0.232155 2.227159 
0.232490 2.227551 
0.232867 2.227971 
0.233178 2.228393 
0.233681 2.229050 
0.234000 2.229477 
0.234255 2.229611 
0.234669 2.230296 
0.234965 2.230718 
0.235284 2.231084 
0.235556 2.231474 
0.236012 2.231910 
0.236372 2.232304 
0.236602 2.232435 
0.236889 2.232915 
0.237219 2.233360 
0.237643 2.233832 
0.237950 2.234350 
0.238340 2.234541 
0.238600 2.235052 
0.238960 2.235355 
0.239347 2.235764 
0.239594 2.236122 
0.239863 2.236391 
0.240240 2.236996 
0.240431 2.237265 
0.240904 2.237866 
0.241177 2.238147 
0.241637 2.238255 
0.241733 2.239035 
0.242206 2.239082 
0.242324 2.239667 
0.242561 2.239928 
0.242923 2.240321 
0.243347 2.241056 
0.243644 2.241231 
0.244012 2.241523 
0.244148 2.241966 
0.244618 2.242184 
0.244859 2.242656 
0.245199 2.243136 
0.245498 2.243464 
0.245838 2.243850 
0.246166 2.244236 
0.246511 2.244633 
0.246838 2.245004 
0.247155 2.245387 
0.247484 2.245787 
0.247804 2.246336 
0.248146 2.246568 
0.248481 2.247006 
0.248880 2.247709 
0.249052 2.247877 
0.249491 2.248332 
0.249717 2.248699 
0.250151 2.249207 
0.250567 2.249612 
0.250907 2.249969 
0.251024 2.250232 
0.251408 2.250721 
0.251681 2.250972 
0.251974 2.251383 
0.252420 2.252030 
0.252780 2.252363 
0.253095 2.252596 
0.253313 2.252955 
0.253586 2.253236 
0.253967 2.253775 
0.254392 2.254125 
0.254601 2.254203 
0.254736 2.254799 
0.255237 2.255121 
0.255537 2.255462 
0.255675 2.256240 
0.256156 2.256247 
0.256436 2.256626 
0.256851 2.257188 
0.257059 2.257574 
0.257209 2.257814 
0.257650 2.258360 
0.257977 2.258884 
0.258302 2.258919 
0.258705 2.259526 
0.258924 2.259854 
0.259395 2.260566 
0.259550 2.260799 
0.260153 2.261064 
0.260278 2.261672 
0.260827 2.261905 
0.260930 2.262385 
0.261376 2.262941 
0.261731 2.263296 
0.261974 2.263672 
0.262289 2.263858 
0.262591 2.264397 
0.262848 2.264727 
0.263204 2.265095 
0.263675 2.265684 
0.263794 2.266021 
0.264479 2.266128 
0.264723 2.266765 
0.265010 2.267230 
0.265234 2.267645 
0.265497 2.267907 
0.265877 2.268448 
0.266014 2.268794 
0.266602 2.269199 
0.266771 2.269524 
0.267365 2.269830 
0.267526 2.270519 
0.267905 2.270645 
0.268173 2.271101 
0.268390 2.271171 
0.268718 2.271709 
0.268966 2.272220 
0.269410 2.272761 
0.269582 2.272884 
0.270037 2.273568 
0.270359 2.273867 
0.270672 2.274333 
0.270982 2.274693 
0.271181 2.274845 
0.271524 2.275227 
0.271984 2.275891 
0.272341 2.276336 
0.272592 2.276719 
0.273062 2.276999 
0.273264 2.277394 
0.273525 2.277597 
0.273869 2.278164 
0.274166 2.278461 
0.274482 2.278861 
0.274927 2.279495 
0.275243 2.279956 
0.275493 2.280048 
0.275859 2.280361 
0.276306 2.281098 
0.276437 2.281253 
0.276841 2.281795 
0.277172 2.282331 
0.277377 2.282430 
0.277713 2.283129 
0.277954 2.283571 
0.278298 2.283676 
0.278589 2.284044 
0.279112 2.284525 
0.279466 2.284958 
0.279562 2.285137 
0.279955 2.285632 
0.280243 2.285865 
0.280491 2.286235 
0.280900 2.286865 
0.281236 2.287210 
0.281556 2.287421 
0.281748 2.287765 
0.282107 2.288054 
0.282505 2.288757 
0.282720 2.288921 
0.283070 2.289404 
0.283360 2.289741 
0.283673 2.290115 
0.283971 2.290536 
0.284452 2.291173 
0.284717 2.291416 
0.285035 2.291877 
0.285420 2.292441 
0.285796 2.292601 
0.286087 2.293168 
0.286412 2.293527 
0.286709 2.293919 
0.286982 2.294184 
0.287305 2.294530 
0.287703 2.295186 
0.288001 2.295515 
0.288446 2.296056 
0.288786 2.296166 
0.288915 2.296646 
0.289330 2.297068 
0.289767 2.297372 
0.289912 2.297896 
0.290396 2.298392 
0.290761 2.298780 
0.291043 2.299173 
0.291217 2.299462 
0.291647 2.299699 
0.291985 2.300134 
0.292248 2.300672 
0.292397 2.301020 
0.292874 2.301233 
0.293275 2.301563 
0.293413 2.302434 
0.294059 2.302462 
0.294228 2.302772 
0.294300 2.303256 
0.294731 2.303693 
0.295140 2.303967 
0.295315 2.304393 
0.295780 2.304910 
0.295997 2.305058 
0.296405 2.305765 
0.296771 2.306091 
0.297120 2.306407 
0.297272 2.306720 
0.297644 2.307040 
0.298078 2.307747 
0.298252 2.307958 
0.298699 2.308574 
0.298892 2.308810 
0.299352 2.309165 
0.299569 2.309573 
0.300231 2.309798 
0.300228 2.310495 
0.300693 2.310565 
0.300955 2.311352 
0.301449 2.311438 
0.301525 2.311978 
0.301957 2.312734 
0.302337 2.312735 
0.302498 2.313131 
0.302755 2.313478 
0.303146 2.313821 
0.303541 2.314451 
0.303848 2.314784 
0.304172 2.315359 
0.304693 2.315458 
0.304912 2.315926 
0.305202 2.316278 
0.305309 2.316584 
0.305705 2.316875 
0.306049 2.317443 
0.306354 2.317761 
0.306621 2.318189 
0.306876 2.318428 
0.307235 2.318793 
0.307428 2.319290 
0.307935 2.319514 
0.308331 2.320327 
0.308356 2.320759 
0.309018 2.320739 
0.309377 2.321334 
0.309679 2.321566 
0.310038 2.322039 
0.310282 2.322477 
0.310613 2.322872 
0.310835 2.323505 
0.311267 2.323815 
0.311584 2.324168 
0.311835 2.324413 
0.312288 2.325130 
0.312461 2.325266 
0.312802 2.325590 
0.313153 2.326165 
0.313589 2.326624 
0.313846 2.326907 
0.314087 2.327780 
0.314835 2.327551 
0.315013 2.328112 
0.315236 2.328589 
0.315492 2.328936 
0.315755 2.329275 
0.316088 2.329624 
0.316429 2.330057 
0.316863 2.330596 
0.317183 2.330959 
0.317513 2.331327 
0.317758 2.331533 
0.318002 2.332001 
0.318325 2.332348 
0.318676 2.332953 
0.318951 2.333076 
0.319259 2.333501 
0.319655 2.334206 
0.319830 2.334387 
0.320236 2.334698 
0.320488 2.334971 
0.320885 2.335676 
0.321316 2.335926 
0.321473 2.336235 
0.321930 2.336731 
0.322119 2.337203 
0.322425 2.337306 
0.322738 2.337757 
0.323070 2.338121 
0.323659 2.338633 
0.323940 2.339088 
0.324079 2.339373 
0.324526 2.340035 
0.324872 2.340337 
0.325168 2.340715 
0.325401 2.341149 
0.325725 2.341370 
0.325997 2.341745 
0.326329 2.342125 
0.326753 2.342707 
0.327143 2.343158 
0.327411 2.343614 
0.327717 2.343825 
0.328012 2.344174 
0.328258 2.344532 
0.328606 2.344832 
0.328898 2.345276 
0.329240 2.345814 
0.329636 2.346459 
0.330130 2.346482 
0.330444 2.346977 
0.330754 2.347305 
0.330791 2.347939 
0.331211 2.348125 
0.331487 2.348387 
0.331785 2.348716 
0.332084 2.349089 
0.332358 2.349584 
0.332914 2.349887 
0.333059 2.350472 
0.333447 2.350618 
0.333601 2.351116 
0.333821 2.351534 
0.334213 2.352153 
0.334944 2.352083 
0.335142 2.352729 
0.335198 2.353309 
0.335800 2.353513 
0.336031 2.353981 
0.336171 2.354311 
0.336725 2.354770 
0.336935 2.355032 
0.337321 2.355733 
0.337688 2.356028 
0.337947 2.356249 
0.338359 2.356967 
0.338717 2.357255 
0.338900 2.357519 
0.339288 2.357865 
0.339699 2.358507 
0.340055 2.358998 
0.340405 2.359220 
0.340577 2.359511 
0.340980 2.359825 
0.341329 2.360431 
0.341804 2.360877 
0.342052 2.360910 
0.342434 2.361587 
0.342628 2.362066 
0.342861 2.362378 
0.343217 2.362748 
0.343454 2.363132 
0.343763 2.363679 
0.344020 2.363886 
0.344420 2.364572 
0.345083 2.364643 
0.344963 2.365167 
0.345513 2.365447 
0.345724 2.365739 
0.346085 2.366194 
0.346305 2.366521 
0.346688 2.367104 
0.346908 2.367339 
0.347528 2.367722 
0.347480 2.368301 
0.348024 2.368296 
0.348379 2.368727 
0.348759 2.369374 
0.348883 2.369738 
0.349262 2.370002 
0.349627 2.370437 
0.349902 2.370915 
0.350192 2.371238 
0.350516 2.371628 
0.350853 2.372003 
0.351195 2.372419 
0.351536 2.372805 
0.351977 2.373458 
0.352162 2.373626 
0.352579 2.374169 
0.352852 2.374313 
0.353188 2.374981 
0.353606 2.375399 
0.353823 2.375745 
0.354174 2.376243 
0.354475 2.376260 
0.354825 2.376867 
0.355168 2.377173 
0.355408 2.377554 
0.355718 2.377853 
0.356058 2.378239 
0.356361 2.378640 
0.356680 2.379021 
0.356996 2.379389 
0.357308 2.379778 
0.357637 2.380147 
0.357959 2.380510 
0.358215 2.380872 
0.358511 2.381248 
0.358821 2.381625 
0.359155 2.382018 
0.359462 2.382398 
0.359807 2.382763 
0.360144 2.383170 
0.360440 2.383532 
0.360768 2.384178 
0.361144 2.384631 
0.361589 2.384941 
0.361727 2.385212 
0.362031 2.385655 
0.362412 2.386148 
0.362679 2.386498 
0.362997 2.386941 
0.363291 2.387397 
0.363748 2.388124 
0.364092 2.388506 
0.364516 2.388779 
0.364604 2.389046 
0.364950 2.389456 
0.365190 2.389944 
0.365771 2.390389 
0.365949 2.390641 
0.366262 2.390984 
0.366811 2.391542 
0.367097 2.391638 
0.367354 2.392075 
0.367767 2.392424 
0.367991 2.392931 
0.368500 2.393551 
0.368680 2.393756 
0.369147 2.394394 
0.369330 2.394565 
0.369764 2.394812 
0.369970 2.395233 
0.370342 2.395751 
0.370622 2.395931 
0.370944 2.396385 
0.371206 2.396680 
0.371540 2.397088 
0.371832 2.397471 
0.372175 2.397838 
0.372528 2.398226 
0.372863 2.398618 
0.373190 2.399021 
0.373515 2.399410 
0.373834 2.399791 
0.374142 2.400200 
0.374475 2.400595 
0.374798 2.401002 
0.375123 2.401391 
0.375466 2.401805 
0.375778 2.402180 
0.376092 2.402565 
0.376393 2.403275 
0.376771 2.403802 
0.377087 2.404047 
0.377350 2.404264 
0.377665 2.404650 
0.378054 2.405226 
0.378347 2.405391 
0.378640 2.405802 
0.379001 2.406163 
0.379268 2.406713 
0.379673 2.407363 
0.379994 2.407387 
0.380239 2.407794 
0.380705 2.408448 
0.381003 2.408500 
0.381180 2.409016 
0.381526 2.409380 
0.381906 2.409952 
0.382309 2.410358 
0.382483 2.410491 
0.382740 2.410915 
0.383098 2.411466 
0.383394 2.411628 
0.383682 2.412029 
0.384056 2.412530 
0.384189 2.412820 
0.384617 2.413305 
0.384893 2.413567 
0.385252 2.413870 
0.385557 2.414221 
0.385902 2.414664 
0.386186 2.414947 
0.386555 2.415409 
0.386823 2.415802 
0.387198 2.416163 
0.387577 2.416582 
0.387883 2.416992 
0.388232 2.417401 
0.388595 2.417806 
0.388922 2.418226 
0.389250 2.418657 
0.389599 2.419048 
0.389878 2.419523 
0.390247 2.419875 
0.390570 2.420221 
0.390909 2.420624 
0.391223 2.421057 
0.391573 2.421832 
0.391920 2.421949 
0.392246 2.422445 
0.392428 2.422848 
0.392775 2.423073 
0.393137 2.423435 
0.393268 2.424111 
0.393734 2.424336 
0.394249 2.424981 
0.394451 2.425297 
0.394814 2.425519 
0.395066 2.425933 
0.395451 2.426682 
0.395752 2.426638 
0.396075 2.427152 
0.396313 2.427566 
0.396650 2.428095 
0.396736 2.428472 
0.397370 2.428500 
0.397468 2.429354 
0.397939 2.429311 
0.398318 2.429976 
0.398689 2.430250 
0.398947 2.430670 
0.399234 2.430965 
0.399505 2.431388 
0.399794 2.431697 
0.400137 2.432126 
0.400478 2.432466 
0.400806 2.432851 
0.401161 2.433266 
0.401449 2.433669 
0.401777 2.434054 
0.402129 2.434443 
0.402438 2.434882 
0.402797 2.435277 
0.403107 2.435684 
0.403432 2.436089 
0.403639 2.436615 
0.404061 2.437245 
0.404340 2.437641 
0.404550 2.438090 
0.405079 2.438192 
0.405313 2.438611 
0.405638 2.438924 
0.405945 2.439335 
0.406413 2.439895 
0.406582 2.440173 
0.406952 2.440463 
0.407209 2.440931 
0.407589 2.441412 
0.407878 2.441949 
0.408312 2.442181 
0.408502 2.442344 
0.408793 2.442833 
0.409129 2.443134 
0.409413 2.443508 
0.409783 2.444061 
0.410125 2.444445 
0.410312 2.444595 
0.410712 2.444990 
0.411020 2.445522 
0.411348 2.446001 
0.411648 2.446187 
0.412021 2.446813 
0.412310 2.447152 
0.412617 2.447607 
0.412937 2.447743 
0.413300 2.448365 
0.413656 2.448854 
0.413915 2.449121 
0.414296 2.449752 
0.414654 2.449950 
0.414984 2.450195 
0.415208 2.450702 
0.415705 2.451321 
0.415837 2.451566 
0.416385 2.451833 
0.416542 2.452389 
0.417132 2.452575 
0.417237 2.453022 
0.417566 2.453683 
0.417951 2.453909 
0.418216 2.454168 
0.418505 2.454631 
0.418960 2.455144 
0.419142 2.455470 
0.419514 2.455803 
0.419846 2.456246 
0.420178 2.456626 
0.420517 2.457015 
0.420821 2.457352 
0.421162 2.457708 
0.421423 2.458126 
0.421752 2.458494 
0.422075 2.458871 
0.422379 2.459253 
0.422667 2.459624 
0.422996 2.459978 
0.423310 2.460319 
0.423627 2.460732 
0.423931 2.461131 
0.424264 2.461526 
0.424592 2.461912 
0.424911 2.462294 
0.425246 2.462671 
0.425586 2.463041 
0.425895 2.463480 
0.426278 2.464155 
0.426626 2.464596 
0.426950 2.464756 
0.427147 2.465140 
0.427623 2.465814 
0.427894 2.465867 
0.428305 2.466201 
0.428391 2.466993 
0.429112 2.467041 
0.429237 2.467742 
0.429406 2.468098 
0.430029 2.468370 
0.430149 2.468738 
0.430548 2.469378 
0.430824 2.469747 
0.431139 2.470071 
0.431396 2.470341 
0.431745 2.470641 
0.432062 2.471054 
0.432393 2.471542 
0.432698 2.471864 
0.433011 2.472237 
0.433357 2.472602 
0.433671 2.472988 
0.433984 2.473376 
0.434275 2.473743 
0.434606 2.474140 
0.434923 2.474523 
0.435229 2.474873 
0.435520 2.475210 
0.435838 2.475578 
0.436149 2.475967 
0.436486 2.476358 
0.436794 2.476736 
0.437149 2.477136 
0.437476 2.477539 
0.437790 2.477910 
0.438116 2.478313 
0.438444 2.478700 
0.438767 2.479105 
0.439129 2.479512 
0.439502 2.480107 
0.439893 2.480574 
0.440241 2.480875 
0.440431 2.481299 
0.440791 2.481523 
0.441111 2.481951 
0.441463 2.482384 
0.441797 2.482763 
0.442144 2.483081 
0.442629 2.483729 
0.442948 2.484094 
0.443194 2.484236 
0.443521 2.484609 
0.443959 2.485220 
0.444302 2.485526 
0.444542 2.485923 
0.444876 2.486224 
0.445204 2.486625 
0.445529 2.487029 
0.445894 2.487404 
0.446226 2.487769 
0.446564 2.488158 
0.446872 2.488505 
0.447203 2.488842 
0.447512 2.489203 
0.447822 2.489595 
0.448169 2.489958 
0.448498 2.490296 
0.448811 2.490623 
0.449115 2.490976 
0.449415 2.491347 
0.449758 2.491715 
0.450107 2.492076 
0.450410 2.492491 
0.450744 2.492885 
0.451193 2.493468 
0.451601 2.493745 
0.451874 2.494103 
0.452332 2.494307 
0.452649 2.494843 
0.452753 2.495461 
0.453421 2.495401 
0.453893 2.495589 
0.454226 2.496015 
0.454208 2.496605 
0.454359 2.497397 
0.454665 2.497640 
0.455001 2.498031 
0.455358 2.498367 
0.455779 2.498660 
0.456626 2.498654 
0.456792 2.499000 
0.456991 2.499889 
0.457408 2.500187 
0.457777 2.500478 
0.458020 2.500793 
0.458335 2.501072 
0.458629 2.501450 
0.459120 2.501985 
0.459293 2.502274 
0.460014 2.502446 
0.460016 2.503029 
0.460619 2.503231 
0.460926 2.503611 
0.461156 2.504112 
0.461569 2.504397 
0.461891 2.504544 
0.462301 2.505112 
0.462426 2.505256 
0.462959 2.505573 
0.463299 2.506022 
0.463549 2.506191 
0.463903 2.506746 
0.464292 2.506923 
0.464578 2.507295 
0.464952 2.507720 
0.465315 2.507971 
0.465725 2.508539 
0.466068 2.508630 
0.466469 2.509007 
0.466919 2.509604 
0.467178 2.509794 
0.467697 2.510341 
0.468065 2.510510 
0.468691 2.510640 
0.468767 2.511382 
0.469347 2.511458 
0.469604 2.512096 
0.470000 2.512311 
0.470324 2.512547 
0.470565 2.513034 
0.471110 2.513166 
0.471531 2.513689 
0.471819 2.513906 
0.472168 2.514299 
0.472584 2.514550 
0.473086 2.514964 
0.473397 2.515369 
0.473807 2.515535 
0.474244 2.516131 
0.474569 2.516213 
0.475009 2.516591 
0.475277 2.516832 
0.475671 2.517094 
0.475931 2.517543 
0.476463 2.518106 
0.476742 2.518288 
0.477208 2.518481 
0.477486 2.518664 
0.477754 2.519013 
0.478198 2.519262 
0.478585 2.519580 
0.479040 2.519878 
0.479562 2.520299 
0.479635 2.520813 
0.480289 2.520694 
0.480748 2.521128 
0.481048 2.521685 
0.481513 2.521863 
0.481802 2.522172 
0.482199 2.522738 
0.482494 2.523102 
0.482450 2.523828 
0.482732 2.524316 
0.483123 2.524565 
0.483440 2.524964 
0.483690 2.525302 
0.483976 2.525690 
0.484499 2.525835 
0.484927 2.526102 
0.485296 2.526425 
0.485957 2.526682 
0.486325 2.526745 
0.487250 2.526895 
0.487744 2.526672 
0.488206 2.526885 
0.488522 2.527253 
0.489052 2.527526 
0.489395 2.527833 
0.489934 2.527973 
0.490320 2.528352 
0.490697 2.528497 
0.491009 2.529163 
0.491839 2.529192 
0.491816 2.529558 
0.492355 2.529604 
0.492678 2.530026 
0.493180 2.530532 
0.493415 2.530673 
0.493809 2.530965 
0.494535 2.530963 
0.494767 2.531231 
0.495272 2.531609 
0.495639 2.531950 
0.495956 2.532087 
0.496517 2.532492 
0.496912 2.532754 
0.497322 2.532982 
0.497703 2.533214 
0.498119 2.533482 
0.498600 2.533674 
0.499090 2.533901 
0.499584 2.534154 
0.499997 2.534501 
0.500389 2.534843 
0.500802 2.535191 
0.501518 2.535585 
0.501929 2.535735 
0.502248 2.536054 
0.502811 2.536319 
0.503282 2.536599 
0.503555 2.536696 
0.503977 2.537003 
0.504421 2.537192 
0.504990 2.537480 
0.505416 2.537629 
0.505798 2.537966 
0.506286 2.538165 
0.506669 2.538703 
0.507294 2.538694 
0.507546 2.539369 
0.508289 2.539332 
0.508396 2.539529 
0.508862 2.539755 
0.509202 2.539972 
0.509826 2.540165 
0.510531 2.540449 
0.510771 2.540583 
0.511198 2.541115 
0.511611 2.541202 
0.512000 2.541208 
0.512430 2.541706 
0.513044 2.541973 
0.513512 2.542043 
0.513907 2.542302 
0.514339 2.542551 
0.514728 2.542682 
0.515219 2.542985 
0.515686 2.543223 
0.516057 2.543467 
0.516592 2.543687 
0.517032 2.543926 
0.517486 2.544150 
0.517942 2.544463 
0.518333 2.544667 
0.518836 2.544879 
0.519538 2.545228 
0.519823 2.545279 
0.520257 2.545556 
0.520716 2.545774 
0.521196 2.545983 
0.521684 2.546197 
0.522152 2.546434 
0.522693 2.546602 
0.523145 2.546843 
0.523589 2.547062 
0.524437 2.547241 
0.524720 2.547279 
0.525537 2.547523 
0.525887 2.547775 
0.526310 2.548020 
0.526670 2.548076 
0.527364 2.548389 
0.527785 2.548512 
0.528202 2.548840 
0.528578 2.548799 
0.529282 2.549115 
0.529670 2.549215 
0.529737 2.549722 
0.530507 2.549622 
0.530825 2.549988 
0.531241 2.550164 
0.531898 2.550272 
0.532081 2.550505 
0.532896 2.550661 
0.533112 2.550839 
0.533718 2.550930 
0.534336 2.551023 
0.534621 2.551474 
0.535234 2.551496 
0.535702 2.551811 
0.536273 2.551868 
0.536870 2.552107 
0.537429 2.552332 
0.537850 2.552515 
0.538396 2.552740 
0.538866 2.552959 
0.539597 2.553243 
0.539877 2.553301 
0.540569 2.553508 
0.540987 2.553634 
0.541407 2.553867 
0.541963 2.553970 
0.542514 2.554080 
0.543023 2.554270 
0.543559 2.554428 
0.544019 2.554674 
0.544620 2.554773 
0.545205 2.554889 
0.545887 2.554922 
0.546556 2.555078 
0.546804 2.555419 
0.547399 2.555385 
0.547865 2.555610 
0.548338 2.555796 
0.548900 2.555892 
0.549460 2.556007 
0.550039 2.556037 
0.550620 2.556358 
0.550894 2.556668 
0.551804 2.556359 
0.552299 2.556687 
0.552654 2.556750 
0.553517 2.556742 
0.553854 2.556932 
0.554391 2.556981 
0.554892 2.557180 
0.555417 2.557336 
0.556204 2.557524 
0.556556 2.557620 
0.557081 2.557761 
0.557718 2.557800 
0.558159 2.558023 
0.558880 2.558181 
0.559343 2.558486 
0.559809 2.558648 
0.560562 2.558629 
0.561098 2.558834 
0.561408 2.558980 
0.562524 2.558799 
0.562659 2.559026 
0.563467 2.558912 
0.564045 2.558991 
0.564556 2.559194 
0.565385 2.559194 
0.565819 2.559287 
0.566573 2.559420 
0.566970 2.559449 
0.567645 2.559645 
0.568332 2.559612 
0.568910 2.559689 
0.569243 2.559838 
0.569967 2.559993 
0.570191 2.560423 
0.570548 2.560682 
0.571306 2.560381 
0.572011 2.560541 
0.572459 2.560788 
0.572807 2.560934 
0.573923 2.560369 
0.574394 2.560680 
0.574880 2.560773 
0.575258 2.560885 
0.575705 2.561085 
0.576159 2.561631 
0.576763 2.561618 
0.577217 2.561795 
0.578173 2.561525 
0.578856 2.561635 
0.579413 2.561798 
0.579542 2.561860 
0.580325 2.562077 
0.580690 2.562153 
0.581639 2.562144 
0.582104 2.562246 
0.582930 2.562378 
0.584176 2.562093 
0.584595 2.562196 
0.584909 2.562337 
0.585338 2.562494 
0.586848 2.561509 
0.587487 2.562115 
0.588389 2.561570 
0.588610 2.561926 
0.589265 2.562023 
0.589923 2.562116 
0.590920 2.561398 
0.591626 2.561571 
0.591760 2.562655 
0.592245 2.562830 
0.592563 2.563036 
0.593125 2.563239 
0.593902 2.563215 
0.593836 2.563612 
0.594777 2.563624 
0.594691 2.563954 
0.595291 2.564129 
0.595914 2.563984 
0.596434 2.564315 
0.597054 2.564338 
0.597689 2.564187 
0.598312 2.564161 
0.599019 2.564128 
0.599859 2.564202 
0.600398 2.564181 
0.600881 2.564327 
0.601589 2.564300 
0.602870 2.564107 
0.604044 2.563879 
0.604764 2.563838 
0.605150 2.563877 
0.605590 2.564009 
0.605978 2.564155 
0.606460 2.564267 
0.606985 2.564287 
0.607648 2.564251 
0.607833 2.564413 
0.607795 2.564879 
0.608252 2.565189 
0.609423 2.564562 
0.610197 2.564789 
0.610499 2.565222 
0.611220 2.565715 
0.613227 2.565114 
0.615180 2.564166 
0.616602 2.563526 
0.617501 2.563300 
0.618098 2.563093 
0.618147 2.563440 
0.618129 2.564084 
0.618659 2.563975 
0.619096 2.563935 
0.619768 2.563987 
0.620383 2.566005 
0.621153 2.566014 
0.622041 2.565972 
0.622290 2.565830 
0.623122 2.565795 
0.623598 2.565553 
0.624328 2.565345 
0.625189 2.565243 
0.625570 2.565038 
0.626434 2.564935 
0.626820 2.564741 
0.626973 2.564509 
0.628431 2.564409 
0.629609 2.564528 
0.631981 2.565309 
0.633686 2.566120 
0.634868 2.565557 
0.635351 2.565755 
0.636240 2.565782 
0.637221 2.565676 
0.637961 2.565451 
0.638347 2.565133 
0.638865 2.564847 
0.638769 2.564499 
0.639316 2.564253 
0.639567 2.563565 
0.640214 2.563680 
0.640416 2.563219 
0.640777 2.562875 
0.641653 2.562742 
0.641710 2.562334 
0.642120 2.562042 
0.643188 2.562127 
0.645123 2.562353 
0.645690 2.562258 
0.645999 2.561801 
0.646258 2.561432 
0.647146 2.561527 
0.647573 2.561221 
0.648127 2.560967 
0.648990 2.560723 
0.649549 2.560611 
0.649957 2.560295 
0.650263 2.559884 
0.651195 2.559645 
0.651612 2.559507 
0.652530 2.559225 
0.653098 2.558992 
0.654094 2.558953 
0.654483 2.558776 
0.655160 2.558596 
0.655839 2.558125 
0.656500 2.557864 
0.657275 2.557777 
0.657843 2.557544 
0.658376 2.557405 
0.659326 2.557537 
0.660008 2.557359 
0.661370 2.557594 
0.661887 2.557086 
0.663132 2.557219 
0.662173 2.556036 
0.663402 2.556298 
0.663101 2.555458 
0.663914 2.555415 
0.664289 2.555265 
0.665169 2.554948 
0.665523 2.554925 
0.666158 2.554545 
0.666641 2.554413 
0.667642 2.554342 
0.668293 2.554110 
0.668591 2.553927 
0.668748 2.553509 
0.669253 2.553087 
0.669832 2.552976 
0.670489 2.552760 
0.670924 2.552424 
0.671895 2.552185 
0.672325 2.552091 
0.673527 2.552209 
0.673970 2.551704 
0.674333 2.551256 
0.674788 2.550897 
0.676072 2.551296 
0.676472 2.550719 
0.676444 2.550168 
0.678169 2.550502 
0.677117 2.549486 
0.678790 2.549753 
0.678694 2.549222 
0.679808 2.549171 
0.680363 2.548860 
0.681175 2.548677 
0.681801 2.548502 
0.682157 2.548200 
0.682376 2.547691 
0.683558 2.547715 
0.683872 2.547402 
0.684408 2.547067 
0.684818 2.546904 
0.685642 2.546670 
0.686153 2.546310 
0.686725 2.546183 
0.687016 2.545949 
0.687533 2.545708 
0.687910 2.545374 
0.688510 2.545158 
0.688990 2.544885 
0.689777 2.544583 
0.690156 2.544343 
0.690372 2.544098 
0.690862 2.543842 
0.691446 2.543594 
0.691802 2.543235 
0.692560 2.542917 
0.692843 2.542678 
0.693493 2.542319 
0.694127 2.541996 
0.694360 2.541796 
0.695016 2.541418 
0.695619 2.541123 
0.695863 2.540907 
0.696721 2.540555 
0.697014 2.540367 
0.697520 2.540156 
0.698030 2.539853 
0.698521 2.539563 
0.699029 2.538956 
0.699602 2.538725 
0.700106 2.538536 
0.700564 2.538271 
0.701274 2.537994 
0.701639 2.537850 
0.701802 2.537389 
0.702589 2.537018 
0.702715 2.536801 
0.703204 2.536510 
0.703934 2.536348 
0.704303 2.535986 
0.705035 2.535779 
0.705470 2.535386 
0.705895 2.534951 
0.707020 2.535268 
0.707235 2.534639 
0.707531 2.534223 
0.707614 2.533771 
0.708214 2.533523 
0.708518 2.533284 
0.709207 2.532855 
0.709271 2.532683 
0.709836 2.532495 
0.710283 2.532177 
0.710816 2.531668 
0.710928 2.531362 
0.711677 2.530980 
0.711837 2.530785 
0.712206 2.530422 
0.712575 2.530047 
0.713231 2.529703 
0.713400 2.529350 
0.714082 2.529009 
0.714346 2.528724 
0.714700 2.528318 
0.714974 2.527876 
0.715256 2.527438 
0.715626 2.527042 
0.716021 2.526660 
0.716751 2.526311 
0.717141 2.526054 
0.717365 2.525664 
0.717848 2.525369 
0.718306 2.524757 
0.718702 2.524665 
0.719698 2.524615 
0.720200 2.524203 
0.720463 2.523893 
0.721038 2.523606 
0.721359 2.523262 
0.721715 2.522867 
0.722051 2.522462 
0.722490 2.522142 
0.722963 2.521851 
0.723388 2.521533 
0.723704 2.521162 
0.724087 2.520842 
0.724494 2.520514 
0.724845 2.520164 
0.725225 2.519819 
0.725471 2.519430 
0.725716 2.519018 
0.725970 2.518634 
0.726649 2.518233 
0.726923 2.518035 
0.727425 2.517460 
0.727608 2.517302 
0.728142 2.516815 
0.728407 2.516530 
0.728695 2.516143 
0.728965 2.515699 
0.729455 2.515211 
0.730416 2.515117 
0.730595 2.514921 
0.730930 2.514515 
0.731275 2.514138 
0.731869 2.513745 
0.732211 2.513483 
0.732639 2.513038 
0.732864 2.512754 
0.733442 2.512340 
0.733725 2.512088 
0.734100 2.511764 
0.734398 2.511360 
0.734756 2.510967 
0.735052 2.510585 
0.735563 2.510143 
0.735743 2.509855 
0.736197 2.509345 
0.736585 2.508982 
0.736982 2.508519 
0.737376 2.508113 
0.737563 2.507666 
0.737795 2.507234 
0.737849 2.506696 
0.738339 2.506545 
0.738860 2.506214 
0.738965 2.505961 
0.739454 2.505531 
0.739714 2.505266 
0.740055 2.504887 
0.740292 2.504586 
0.740597 2.504197 
0.740896 2.503863 
0.741209 2.503478 
0.741547 2.503074 
0.741872 2.502720 
0.742225 2.502324 
0.742543 2.501932 
0.742878 2.501561 
0.743220 2.501170 
0.743532 2.500786 
0.743896 2.500396 
0.744228 2.499977 
0.744575 2.499567 
0.744897 2.499152 
0.745263 2.498742 
0.745965 2.498193 
0.746083 2.497832 
0.746422 2.497359 
0.747084 2.497029 
0.747213 2.496677 
0.747433 2.496423 
0.747901 2.495852 
0.748154 2.495618 
0.748490 2.495224 
0.748831 2.494846 
0.749067 2.494393 
0.749309 2.493942 
0.749672 2.493576 
0.750130 2.492906 
0.750109 2.492637 
0.750665 2.492084 
0.751362 2.491950 
0.750951 2.491358 
0.751592 2.491029 
0.751835 2.490742 
0.751949 2.490298 
0.752309 2.489942 
0.752588 2.489526 
0.752960 2.488874 
0.753740 2.488976 
0.753593 2.488343 
0.754032 2.487929 
0.754124 2.487484 
0.754392 2.487212 
0.754687 2.486679 
0.754769 2.485902 
0.755202 2.485925 
0.755617 2.485311 
0.755847 2.484924 
0.756031 2.484638 
0.756421 2.484323 
0.756656 2.483835 
0.756942 2.483434 
0.757152 2.482861 
0.757294 2.482551 
0.757619 2.482033 
0.758024 2.481610 
0.758429 2.481025 
0.758501 2.480836 
0.759109 2.480242 
0.759274 2.479875 
0.759571 2.479459 
0.759832 2.479125 
0.760031 2.478720 
0.760356 2.478482 
0.760735 2.477916 
0.760827 2.477541 
0.761106 2.476916 
0.761258 2.476575 
0.761503 2.476175 
0.761736 2.475732 
0.762000 2.475307 
0.762298 2.474926 
0.762508 2.474259 
0.762630 2.474007 
0.762967 2.473682 
0.763315 2.473157 
0.763641 2.472630 
0.763864 2.472471 
0.763978 2.471795 
0.764486 2.471642 
0.764738 2.471245 
0.764613 2.470532 
0.765022 2.470170 
0.765148 2.469978 
0.765559 2.469371 
0.765814 2.469139 
0.765914 2.468582 
0.766055 2.468109 
0.766318 2.467730 
0.766615 2.467359 
0.766726 2.466473 
0.766976 2.466377 
0.767175 2.465738 
0.767534 2.465405 
0.767698 2.464898 
0.768047 2.464500 
0.768238 2.463951 
0.768513 2.463556 
0.768699 2.463108 
0.769119 2.462578 
0.769520 2.462095 
0.769646 2.461786 
0.769506 2.461273 
0.769779 2.460645 
0.770400 2.460222 
0.770513 2.460068 
0.770673 2.459524 
0.770885 2.459069 
0.771257 2.458510 
0.771234 2.457812 
0.771377 2.457571 
0.771829 2.457141 
0.771821 2.456613 
0.772445 2.456274 
0.772509 2.455719 
0.772557 2.455248 
0.772832 2.454737 
0.773034 2.454601 
0.773273 2.454173 
0.773440 2.453760 
0.773678 2.452960 
0.773865 2.452490 
0.774002 2.452339 
0.774229 2.451927 
0.774368 2.451416 
0.774632 2.450969 
0.774789 2.450330 
0.775044 2.450039 
0.775309 2.449301 
0.775368 2.448918 
0.775617 2.448623 
0.775809 2.448052 
0.775993 2.447707 
0.776140 2.447179 
0.776449 2.446432 
0.776518 2.446229 
0.776797 2.445790 
0.776888 2.445251 
0.777084 2.444752 
0.777268 2.444303 
0.777500 2.443465 
0.777655 2.443138 
0.777778 2.442711 
0.777958 2.442376 
0.778125 2.441894 
0.778330 2.441399 
0.778472 2.440914 
0.778664 2.440110 
0.778764 2.439693 
0.779082 2.439242 
0.779146 2.439001 
0.779206 2.438467 
0.779420 2.438048 
0.779670 2.437453 
0.779784 2.437101 
0.779916 2.436425 
0.780065 2.435990 
0.780283 2.435421 
0.780423 2.435330 
0.780735 2.434644 
0.780765 2.434441 
0.781246 2.433831 
0.781313 2.433417 
0.781625 2.432997 
0.781880 2.432568 
0.782065 2.432247 
0.782407 2.431740 
0.782593 2.431177 
0.782800 2.430927 
0.783207 2.430273 
0.783518 2.429887 
0.783615 2.429412 
0.783737 2.428809 
0.784268 2.428403 
0.784078 2.427674 
0.784568 2.427558 
0.784374 2.426955 
0.784726 2.426688 
0.784867 2.426190 
0.784899 2.425651 
0.785023 2.425121 
0.785190 2.424302 
0.785253 2.423828 
0.785216 2.423458 
0.785263 2.422754 
0.785225 2.422081 
0.784997 2.421517 
0.785444 2.421200 
0.785685 2.420378 
0.785997 2.420040 
0.785958 2.419576 
0.786180 2.419079 
0.786196 2.418554 
0.786293 2.418229 
0.786552 2.417453 
0.786779 2.416972 
0.787109 2.416853 
0.787329 2.416344 
0.786382 2.415309 
0.787175 2.415265 
0.786912 2.414402 
0.787498 2.414551 
0.787534 2.413886 
0.787754 2.413342 
0.787961 2.413012 
0.788079 2.412385 
0.788301 2.411785 
0.788422 2.411530 
0.788448 2.411000 
0.788628 2.410503 
0.788771 2.409982 
0.788856 2.409441 
0.789214 2.408828 
0.789304 2.408265 
0.790154 2.408094 
0.789860 2.407258 
0.790082 2.406913 
0.790385 2.406593 
0.790487 2.405909 
0.790812 2.405637 
0.790810 2.405218 
0.790999 2.404586 
0.791191 2.404002 
0.791306 2.403826 
0.791503 2.403258 
0.792287 2.402977 
0.791191 2.401679 
0.791974 2.401666 
0.791814 2.400968 
0.792246 2.400561 
0.792014 2.399924 
0.792422 2.399538 
0.792065 2.399060 
0.792628 2.398579 
0.793627 2.398833 
0.793875 2.398248 
0.793479 2.397387 
0.793459 2.396853 
0.793862 2.396521 
0.793309 2.395509 
0.794494 2.395861 
0.794206 2.395052 
0.794421 2.394784 
0.794566 2.394103 
0.794717 2.393646 
0.794770 2.393248 
0.794991 2.392740 
0.795088 2.392100 
0.795084 2.391436 
0.795228 2.391184 
0.795461 2.390718 
0.795600 2.390196 
0.795773 2.389682 
0.796049 2.388986 
0.796169 2.388708 
0.796498 2.387962 
0.796537 2.387741 
0.796646 2.387236 
0.796924 2.386554 
0.797231 2.386072 
0.797345 2.385548 
0.797606 2.385272 
0.797295 2.384414 
0.797646 2.383994 
0.797822 2.383599 
0.798127 2.383153 
0.798208 2.382608 
0.798434 2.382091 
0.798376 2.381674 
0.798653 2.381094 
0.799032 2.380679 
0.799002 2.380150 
0.799361 2.379746 
0.799312 2.379218 
0.799463 2.378576 
0.799633 2.378200 
0.799523 2.377635 
0.799700 2.377112 
0.799970 2.376785 
0.799806 2.376211 
0.800210 2.375858 
0.800166 2.375263 
0.800599 2.374914 
0.800786 2.374513 
0.801022 2.374073 
0.801133 2.373673 
0.801298 2.373248 
0.801426 2.372720 
0.801811 2.372205 
0.801915 2.371732 
0.802035 2.371024 
0.802126 2.370602 
0.802305 2.370266 
0.802455 2.369599 
0.802772 2.369056 
0.802864 2.368622 
0.802936 2.368316 
0.803177 2.367842 
0.803309 2.367154 
0.803606 2.366807 
0.803669 2.366380 
0.803879 2.365587 
0.804039 2.365484 
0.804177 2.364810 
0.804316 2.364498 
0.804512 2.363743 
0.804862 2.363345 
0.804884 2.362882 
0.805220 2.362291 
0.805279 2.361954 
0.805340 2.361583 
0.805705 2.361056 
0.805526 2.360160 
0.805842 2.359824 
0.806077 2.359453 
0.806276 2.359269 
0.806386 2.358473 
0.806354 2.358246 
0.806904 2.357897 
0.806943 2.357281 
0.807061 2.356770 
0.807090 2.356299 
0.807396 2.355690 
0.807483 2.355521 
0.807632 2.354785 
0.807759 2.354465 
0.807918 2.354025 
0.808019 2.353503 
0.808269 2.352873 
0.808421 2.352358 
0.808703 2.351747 
0.808895 2.351547 
0.808767 2.350589 
0.808764 2.350076 
0.809003 2.349601 
0.809217 2.349089 
0.809552 2.348648 
0.810008 2.348604 
0.809977 2.347762 
0.810115 2.347563 
0.810335 2.346730 
0.810456 2.346348 
0.810774 2.345770 
0.810914 2.345376 
0.810985 2.344871 
0.811230 2.344611 
0.811210 2.343995 
0.811442 2.343447 
0.811689 2.343035 
0.811703 2.342322 
0.812017 2.342044 
0.812077 2.341580 
0.812212 2.341090 
0.812449 2.340685 
0.812609 2.340198 
0.812742 2.339731 
0.812932 2.339263 
0.813073 2.338800 
0.813259 2.338364 
0.813400 2.337925 
0.813581 2.337462 
0.813729 2.336946 
0.813896 2.336476 
0.814065 2.335995 
0.814235 2.335503 
0.814407 2.335024 
0.814583 2.334512 
0.814749 2.334018 
0.814892 2.333545 
0.815063 2.333053 
0.815236 2.332564 
0.815418 2.332067 
0.815597 2.331603 
0.815755 2.331150 
0.815875 2.330630 
0.816066 2.330150 
0.816211 2.329643 
0.816412 2.329170 
0.816569 2.328670 
0.816725 2.328193 
0.816907 2.327709 
0.817053 2.327179 
0.817151 2.326691 
0.817370 2.325949 
0.817644 2.325612 
0.817750 2.325059 
0.817895 2.324808 
0.817931 2.324237 
0.818248 2.323449 
0.818303 2.322981 
0.818606 2.322557 
0.818680 2.322321 
0.818762 2.321859 
0.819160 2.321316 
0.819304 2.320692 
0.819368 2.320382 
0.819614 2.319830 
0.819647 2.319420 
0.819754 2.319054 
0.819870 2.318587 
0.819933 2.318115 
0.820255 2.317711 
0.820225 2.316858 
0.820418 2.316461 
0.820649 2.316051 
0.820966 2.315669 
0.821143 2.315100 
0.821129 2.314744 
0.821403 2.314243 
0.821541 2.313837 
0.821724 2.313166 
0.821955 2.312618 
0.822116 2.312086 
0.822183 2.311673 
0.822441 2.311303 
0.822577 2.310558 
0.822734 2.310140 
0.822977 2.309505 
0.823111 2.309038 
0.823253 2.308832 
0.823447 2.308308 
0.823521 2.307655 
0.823749 2.306988 
0.823908 2.306839 
0.824078 2.305986 
0.824415 2.305686 
0.824229 2.305181 
0.824830 2.304653 
0.824715 2.303959 
0.824900 2.303836 
0.825023 2.303315 
0.825309 2.302985 
0.825412 2.302361 
0.825901 2.301988 
0.826011 2.301518 
0.825825 2.300863 
0.825991 2.300171 
0.826455 2.300062 
0.826321 2.299542 
0.826468 2.298850 
0.826828 2.298412 
0.826904 2.298004 
0.826923 2.297725 
0.827135 2.297026 
0.827331 2.296572 
0.827829 2.296251 
0.827617 2.295406 
0.828066 2.295346 
0.827912 2.294488 
0.828428 2.294282 
0.828322 2.293673 
0.828387 2.293247 
0.828590 2.292740 
0.828925 2.292264 
0.829050 2.291921 
0.829203 2.291220 
0.829331 2.290809 
0.829434 2.290393 
0.829655 2.289594 
0.829809 2.289210 
0.830011 2.288957 
0.830141 2.288371 
0.830427 2.288006 
0.830567 2.287369 
0.830546 2.286904 
0.830794 2.286435 
0.830927 2.286013 
0.831189 2.285471 
0.831464 2.284810 
0.831507 2.284463 
0.831675 2.284063 
0.831841 2.283615 
0.831984 2.283130 
0.832139 2.282664 
0.832313 2.282222 
0.832487 2.281766 
0.832601 2.281288 
0.832770 2.280842 
0.832917 2.280418 
0.833077 2.279990 
0.833206 2.279520 
0.833384 2.279068 
0.833539 2.278579 
0.833678 2.278104 
0.833874 2.277592 
0.834049 2.277114 
0.834122 2.276576 
0.834370 2.275817 
0.834585 2.275619 
0.834643 2.275131 
0.834790 2.274265 
0.834946 2.274114 
0.835260 2.273568 
0.835352 2.272821 
0.835380 2.272175 
0.835720 2.271866 
0.835931 2.271549 
0.836205 2.270851 
0.836185 2.270502 
0.836346 2.270028 
0.836533 2.269569 
0.836655 2.269049 
0.836891 2.268666 
0.836954 2.268099 
0.837586 2.267636 
0.837333 2.266953 
0.837774 2.266876 
0.837593 2.265817 
0.838078 2.265650 
0.838011 2.265100 
0.838118 2.264350 
0.838312 2.264209 
0.838457 2.263702 
0.838704 2.263001 
0.838820 2.262790 
0.839018 2.262326 
0.839140 2.261713 
0.839294 2.261351 
0.839469 2.260642 
0.839708 2.260259 
0.839779 2.259919 
0.840028 2.259532 
0.840193 2.259072 
0.840432 2.258376 
0.840511 2.257820 
0.840672 2.257334 
0.840809 2.257101 
0.841007 2.256638 
0.841261 2.256078 
0.841317 2.255531 
0.841415 2.254846 
0.841661 2.254503 
0.841589 2.253880 
0.841929 2.253500 
0.842349 2.253052 
0.842567 2.252612 
0.842722 2.252088 
0.842693 2.251373 
0.842670 2.250953 
0.843160 2.250593 
0.843100 2.249883 
0.843169 2.249610 
0.843558 2.249143 
0.843630 2.248651 
0.843717 2.248006 
0.844050 2.247564 
0.844028 2.246912 
0.844162 2.246655 
0.844428 2.245976 
0.844525 2.245789 
0.844967 2.245167 
0.845109 2.244821 
0.844891 2.244286 
0.845418 2.243785 
0.845433 2.243398 
0.845444 2.242754 
0.845911 2.242438 
0.845767 2.242027 
0.845860 2.241351 
0.846108 2.241033 
0.846295 2.240713 
0.846399 2.240287 
0.846626 2.239678 
0.846758 2.239152 
0.847162 2.238810 
0.846815 2.237943 
0.847038 2.237413 
0.847273 2.237063 
0.847919 2.236795 
0.847712 2.236231 
0.848010 2.235827 
0.848025 2.235301 
0.848212 2.234470 
0.848293 2.234251 
0.848532 2.233638 
0.848704 2.233275 
0.848883 2.232800 
0.849047 2.232258 
0.849265 2.231876 
0.849401 2.231074 
0.849729 2.230651 
0.849789 2.230223 
0.850011 2.229749 
0.850101 2.229362 
0.850303 2.228888 
0.850464 2.228438 
0.850613 2.227934 
0.850736 2.227402 
0.850960 2.226930 
0.851122 2.226236 
0.851292 2.225686 
0.851367 2.225406 
0.851540 2.224938 
0.851988 2.224530 
0.851833 2.223741 
0.852126 2.223600 
0.852289 2.222942 
0.852527 2.222711 
0.852623 2.222013 
0.852779 2.221652 
0.852753 2.220986 
0.853018 2.220805 
0.853160 2.220135 
0.853264 2.219662 
0.853409 2.219271 
0.853574 2.218847 
0.853761 2.218330 
0.853833 2.217768 
0.854206 2.217314 
0.854329 2.216946 
0.854658 2.216362 
0.854676 2.215921 
0.854894 2.215375 
0.855210 2.214970 
0.855136 2.214217 
0.855276 2.213673 
0.855687 2.213324 
0.855508 2.212498 
0.855667 2.212185 
0.855519 2.211540 
0.856234 2.211184 
0.856875 2.211029 
0.856787 2.210513 
0.856948 2.210038 
0.856972 2.209611 
0.857188 2.209041 
0.857092 2.208242 
0.857369 2.207813 
0.857629 2.207421 
0.857891 2.207123 
0.858033 2.206683 
0.858321 2.206204 
0.857823 2.205363 
0.858320 2.205041 
0.858695 2.204660 
0.858887 2.204228 
0.858992 2.203744 
0.858663 2.202899 
0.858651 2.202543 
0.858965 2.202299 
0.859251 2.201784 
0.859433 2.201240 
0.859611 2.200811 
0.859971 2.200349 
0.860174 2.199808 
0.860262 2.199616 
0.860446 2.199109 
0.860618 2.198641 
0.860826 2.198183 
0.861092 2.197621 
0.861173 2.196879 
0.860509 2.195894 
0.861883 2.196160 
0.861822 2.195416 
0.861970 2.195225 
0.862278 2.194860 
0.862242 2.194072 
0.862282 2.193295 
0.862487 2.192963 
0.863015 2.192705 
0.862880 2.192184 
0.863344 2.191692 
0.863239 2.191049 
0.863677 2.190808 
0.863568 2.190129 
0.863736 2.189542 
0.864324 2.189217 
0.864096 2.188745 
0.864232 2.188163 
0.864565 2.187663 
0.864004 2.186740 
0.864294 2.186342 
0.864603 2.185967 
0.864823 2.185655 
0.865239 2.185297 
0.865125 2.184428 
0.865343 2.184104 
0.865537 2.183871 
0.865680 2.183165 
0.865839 2.182806 
0.865953 2.182537 
0.866057 2.182041 
0.866463 2.181560 
0.866686 2.181065 
0.866285 2.180316 
0.867064 2.180267 
0.866983 2.179498 
0.867193 2.179053 
0.867534 2.178754 
0.867749 2.178336 
0.867903 2.177568 
0.868231 2.177320 
0.868028 2.176491 
0.868058 2.175941 
0.868298 2.175512 
0.868526 2.175102 
0.869003 2.174791 
0.869150 2.174286 
0.868924 2.173478 
0.869506 2.173415 
0.869614 2.172760 
0.869722 2.172277 
0.869951 2.171832 
0.869983 2.171317 
0.870248 2.170869 
0.870288 2.170498 
0.870425 2.169801 
0.870366 2.169302 
0.870383 2.168638 
0.870575 2.168042 
0.870557 2.167741 
0.870789 2.167264 
0.870913 2.166814 
0.871352 2.166493 
0.871666 2.166085 
0.871618 2.165175 
0.871904 2.164891 
0.871199 2.163963 
0.872382 2.164232 
0.872157 2.163367 
0.872632 2.163392 
0.872361 2.162640 
0.872766 2.162112 
0.872973 2.161817 
0.873050 2.161294 
0.873137 2.160590 
0.873229 2.160203 
0.873572 2.159872 
0.873892 2.159480 
0.874122 2.158896 
0.874260 2.158443 
0.874548 2.158055 
0.874592 2.157442 
0.874748 2.156931 
0.874566 2.156021 
0.874972 2.155530 
0.874808 2.155038 
0.875249 2.154509 
0.875183 2.154110 
0.875719 2.153671 
0.876056 2.153290 
0.875804 2.152444 
0.876137 2.152130 
0.876277 2.151562 
0.876446 2.151069 
0.876906 2.150679 
0.877154 2.150326 
0.877233 2.149978 
0.877441 2.149497 
0.877570 2.148993 
0.877705 2.148515 
0.878032 2.148035 
0.877974 2.147279 
0.878048 2.146871 
0.878318 2.146345 
0.878549 2.145947 
0.878568 2.145448 
0.878844 2.145077 
0.879074 2.144748 
0.879112 2.144248 
0.879115 2.143656 
0.879346 2.143212 
0.879668 2.142904 
0.879478 2.142035 
0.879823 2.141589 
0.880109 2.141479 
0.880054 2.140529 
0.880258 2.140406 
0.880483 2.139924 
0.880632 2.139222 
0.880872 2.138876 
0.881352 2.138497 
0.881147 2.137760 
0.881436 2.137270 
0.881569 2.137058 
0.881710 2.136304 
0.881754 2.135797 
0.881838 2.135393 
0.882344 2.135158 
0.882223 2.134494 
0.882494 2.133840 
0.882473 2.133492 
0.882878 2.132988 
0.882942 2.132666 
0.883216 2.132223 
0.883453 2.131503 
0.883546 2.130931 
0.883776 2.130638 
0.883863 2.130144 
0.883959 2.129723 
0.884282 2.129101 
0.884067 2.128452 
0.884403 2.128058 
0.884369 2.127654 
0.884730 2.127077 
0.884873 2.126662 
0.884916 2.126282 
0.885209 2.125666 
0.885299 2.125510 
0.885693 2.124998 
0.885819 2.124574 
0.885930 2.124071 
0.885851 2.123571 
0.885948 2.122838 
0.886527 2.122542 
0.886483 2.122062 
0.886700 2.121505 
0.886838 2.121030 
0.887332 2.120648 
0.887438 2.120315 
0.887394 2.119546 
0.887891 2.119492 
0.887830 2.118572 
0.887919 2.118160 
0.887956 2.117357 
0.888406 2.117194 
0.888390 2.116511 
0.888483 2.115892 
0.888768 2.115712 
0.889037 2.115058 
0.889031 2.114671 
0.889160 2.114156 
0.889346 2.113696 
0.889352 2.113072 
0.889542 2.112418 
0.890137 2.112247 
0.890271 2.111815 
0.890083 2.111123 
0.890386 2.110559 
0.890579 2.110231 
0.890751 2.109520 
0.890946 2.109345 
0.891097 2.108563 
0.891252 2.108399 
0.891305 2.107849 
0.891487 2.107086 
0.891719 2.106945 
0.891814 2.106466 
0.891978 2.105785 
0.892087 2.105559 
0.892441 2.105001 
0.892408 2.104343 
0.892645 2.104030 
0.892588 2.103347 
0.892385 2.102576 
0.892926 2.102302 
0.893511 2.101952 
0.893398 2.101431 
0.893582 2.101042 
0.893773 2.100597 
0.894244 2.100109 
0.894057 2.099302 
0.894533 2.099210 
0.894535 2.098793 
0.894252 2.098022 
0.894490 2.097397 
0.894630 2.096840 
0.894960 2.096409 
0.895453 2.096433 
0.895145 2.095415 
0.895506 2.094942 
0.895987 2.094982 
0.895814 2.094067 
0.896139 2.093818 
0.896104 2.093298 
0.896389 2.092711 
0.896686 2.092236 
0.896651 2.091763 
0.897090 2.091290 
0.897087 2.090952 
0.897052 2.090083 
0.897274 2.089726 
0.897355 2.089113 
0.897611 2.088729 
0.898045 2.088637 
0.897998 2.088122 
0.898136 2.087482 
0.898499 2.087058 
0.898583 2.086818 
0.898557 2.086106 
0.898994 2.085912 
0.898877 2.085400 
0.899010 2.084794 
0.899239 2.084291 
0.899416 2.083942 
0.899680 2.083378 
0.899819 2.083042 
0.899900 2.082485 
0.900111 2.082065 
0.900295 2.081464 
0.900749 2.081036 
0.900765 2.080511 
0.900701 2.079649 
0.900915 2.079276 
0.901281 2.079038 
0.901401 2.078297 
0.901484 2.077847 
0.901744 2.077245 
0.901757 2.076997 
0.901878 2.076477 
0.902130 2.075743 
0.902401 2.075427 
0.902601 2.075103 
0.902680 2.074593 
0.902853 2.074044 
0.903166 2.073522 
0.903077 2.072794 
0.903493 2.072703 
0.903336 2.071682 
0.903875 2.071651 
0.903809 2.070893 
0.903890 2.070302 
0.904101 2.069880 
0.904214 2.069424 
0.904263 2.069035 
0.904593 2.068696 
0.904763 2.068227 
0.904923 2.067753 
0.905176 2.067170 
0.905130 2.066633 
0.905253 2.066089 
0.905422 2.065760 
0.905717 2.065434 
0.905835 2.064946 
0.906044 2.064397 
0.906192 2.063984 
0.906393 2.063232 
0.906489 2.062940 
0.906954 2.062599 
0.906860 2.061823 
0.906769 2.061213 
0.907322 2.060935 
0.906601 2.059800 
0.907561 2.060031 
0.907623 2.059242 
0.908116 2.059175 
0.908150 2.058370 
0.908303 2.058099 
0.908456 2.057320 
0.908598 2.057020 
0.908722 2.056361 
0.909086 2.056054 
0.908366 2.054920 
0.909476 2.055204 
0.909451 2.054399 
0.909708 2.054145 
0.909825 2.053714 
0.909953 2.053221 
0.910445 2.052837 
0.909858 2.051980 
0.910709 2.051763 
0.910686 2.051215 
0.911045 2.050870 
0.911204 2.050534 
0.911052 2.049899 
0.911210 2.049364 
0.911488 2.049088 
0.911639 2.048631 
0.911798 2.048039 
0.912183 2.047709 
0.912149 2.047305 
0.912053 2.046738 
0.912421 2.046189 
0.912635 2.045792 
0.912919 2.045217 
0.912676 2.044445 
0.912738 2.043937 
0.912385 2.043300 
0.913179 2.042991 
0.913508 2.042628 
0.913664 2.042302 
0.913695 2.041530 
0.913998 2.041151 
0.914368 2.040732 
0.914114 2.039873 
0.914502 2.039545 
0.914757 2.039360 
0.914713 2.038764 
0.915059 2.038259 
0.914829 2.037497 
0.915202 2.037206 
0.915446 2.036664 
0.915262 2.036010 
0.915684 2.035644 
0.916012 2.035199 
0.916226 2.034790 
0.916345 2.034396 
0.916520 2.033675 
0.916263 2.032943 
0.916509 2.032449 
0.916771 2.032081 
0.917053 2.031819 
0.917392 2.031496 
0.917624 2.030808 
0.917758 2.030504 
0.917416 2.029605 
0.918128 2.029654 
0.918125 2.028897 
0.918298 2.028512 
0.918408 2.027973 
0.918549 2.027661 
0.918738 2.027030 
0.919015 2.026764 
0.918542 2.025915 
0.918821 2.025441 
0.919419 2.025120 
0.919649 2.024803 
0.919843 2.024465 
0.919941 2.023791 
0.920155 2.023256 
0.919688 2.022469 
0.919979 2.021990 
0.920261 2.021576 
0.920541 2.021172 
0.920619 2.020766 
0.920924 2.020389 
0.921028 2.019707 
0.921288 2.019198 
0.921289 2.018548 
0.921713 2.018380 
0.921812 2.017696 
0.921968 2.017381 
0.921946 2.016695 
0.921883 2.016077 
0.922149 2.015572 
0.922218 2.015078 
0.923072 2.014968 
0.922990 2.014268 
0.923164 2.013744 
0.923446 2.013435 
0.923618 2.013177 
0.923684 2.012669 
0.923794 2.012200 
0.924129 2.011630 
0.923845 2.010883 
0.924085 2.010351 
0.924361 2.010096 
0.924807 2.009720 
0.924880 2.009462 
0.925098 2.008755 
0.925331 2.008474 
0.925259 2.007711 
0.925500 2.007262 
0.925807 2.006944 
0.925942 2.006581 
0.926037 2.006115 
0.926203 2.005342 
0.926376 2.005002 
0.925925 2.004109 
0.926577 2.003879 
0.926883 2.003397 
0.926850 2.002890 
0.927081 2.002516 
0.927187 2.001963 
0.927343 2.001509 
0.927557 2.001055 
0.927750 2.000518 
0.928225 1.999986 
0.927925 1.999437 
0.927859 1.998549 
0.928353 1.998307 
0.928797 1.998070 
0.928699 1.997478 
0.928848 1.996765 
0.929302 1.996395 
0.929372 1.996041 
0.929629 1.995449 
0.929696 1.995059 
0.929643 1.994203 
0.929773 1.993770 
0.930398 1.993592 
0.930403 1.992991 
0.930371 1.992497 
0.930459 1.992096 
0.930884 1.991836 
0.930869 1.991049 
0.931403 1.990853 
0.931005 1.990153 
0.931537 1.989887 
0.931900 1.989601 
0.931801 1.988893 
0.931693 1.988213 
0.932209 1.987937 
0.931848 1.987097 
0.932176 1.986733 
0.932664 1.986603 
0.932607 1.985965 
0.932780 1.985325 
0.932850 1.984890 
0.932892 1.984416 
0.933187 1.984091 
0.933306 1.983579 
0.933548 1.982956 
0.933866 1.982505 
0.933878 1.981931 
0.934288 1.981488 
0.934152 1.980770 
0.934213 1.980363 
0.934474 1.979845 
0.934742 1.979515 
0.935048 1.979116 
0.935116 1.978622 
0.935232 1.978307 
0.935355 1.977554 
0.935416 1.977114 
0.935768 1.976637 
0.935949 1.976361 
0.936140 1.975661 
0.936479 1.975153 
0.936516 1.974767 
0.936773 1.974212 
0.936061 1.973454 
0.936983 1.973115 
0.937068 1.972991 
0.937028 1.972143 
0.937451 1.972103 
0.937508 1.971510 
0.937505 1.970996 
0.937709 1.970362 
0.937938 1.969858 
0.938024 1.969375 
0.938493 1.969408 
0.938392 1.968501 
0.938701 1.968068 
0.938816 1.967834 
0.938990 1.967077 
0.939123 1.966865 
0.939454 1.966352 
0.939474 1.965517 
0.939848 1.965308 
0.939767 1.964795 
0.939972 1.964138 
0.940204 1.963497 
0.940367 1.963291 
0.940208 1.962407 
0.940811 1.962113 
0.941002 1.961668 
0.940670 1.960857 
0.940884 1.960437 
0.941382 1.959988 
0.941935 1.959839 
0.941856 1.959200 
0.941954 1.958642 
0.942296 1.958205 
0.941994 1.957365 
0.942197 1.956985 
0.942105 1.956327 
0.942576 1.956001 
0.943213 1.955785 
0.943113 1.955226 
0.943299 1.954768 
0.943730 1.954278 
0.943467 1.953776 
0.943554 1.953130 
0.943811 1.952816 
0.943826 1.952396 
0.944099 1.951883 
0.944323 1.951517 
0.943996 1.950835 
0.944301 1.950296 
0.944446 1.949858 
0.945237 1.949629 
0.945330 1.949231 
0.945489 1.948721 
0.945505 1.948324 
0.945880 1.947709 
0.946073 1.947382 
0.945963 1.946551 
0.946169 1.946312 
0.946618 1.945753 
0.946355 1.945307 
0.946615 1.944845 
0.946800 1.944281 
0.946973 1.943907 
0.947393 1.943643 
0.947704 1.943003 
0.947727 1.942424 
0.947513 1.941706 
0.947539 1.941093 
0.947740 1.940621 
0.948079 1.940321 
0.948494 1.939950 
0.948797 1.939571 
0.948532 1.938799 
0.948887 1.938394 
0.948898 1.938064 
0.949140 1.937590 
0.949225 1.937118 
0.949525 1.936379 
0.949647 1.936090 
0.950024 1.935524 
0.950232 1.935123 
0.950200 1.934617 
0.950299 1.933990 
0.950529 1.933708 
0.950678 1.933169 
0.950866 1.932699 
0.950831 1.932086 
0.950826 1.931664 
0.951167 1.931367 
0.951402 1.931076 
0.951313 1.930454 
0.951521 1.929868 
0.951787 1.929387 
0.951962 1.929119 
0.952058 1.928618 
0.952214 1.927909 
0.952375 1.927387 
0.952491 1.927061 
0.952642 1.926373 
0.953239 1.925994 
0.953074 1.925408 
0.953384 1.924894 
0.953487 1.924456 
0.953747 1.923889 
0.953794 1.923499 
0.954308 1.923014 
0.954076 1.922458 
0.954217 1.921786 
0.954306 1.921200 
0.954993 1.921118 
0.954979 1.920436 
0.954782 1.919728 
0.955011 1.919294 
0.955526 1.919285 
0.955347 1.918551 
0.955610 1.918150 
0.955738 1.917343 
0.955846 1.917104 
0.956264 1.916736 
0.956215 1.916149 
0.956409 1.915474 
0.956504 1.915077 
0.956958 1.914869 
0.956843 1.914220 
0.957037 1.913429 
0.957216 1.913245 
0.957372 1.912849 
0.957464 1.912241 
0.957653 1.911911 
0.957832 1.911448 
0.958009 1.910949 
0.958212 1.910406 
0.958110 1.909661 
0.958395 1.909376 
0.958607 1.908991 
0.958808 1.908285 
0.959029 1.907857 
0.959167 1.907556 
0.959429 1.906829 
0.959773 1.906567 
0.959543 1.905770 
0.959610 1.905274 
0.959883 1.905076 
0.960255 1.904412 
0.960362 1.904185 
0.960770 1.903625 
0.960642 1.903015 
0.960752 1.902511 
0.961260 1.902137 
0.961435 1.901602 
0.961343 1.900944 
0.961342 1.900525 
0.961650 1.900080 
0.961638 1.899619 
0.961857 1.899192 
0.961852 1.898619 
0.962447 1.898065 
0.962630 1.897592 
0.962802 1.897206 
0.962643 1.896705 
0.962970 1.896202 
0.963234 1.895742 
0.963238 1.895199 
0.963475 1.895002 
0.963614 1.894539 
0.963794 1.894064 
0.963961 1.893628 
0.964105 1.893214 
0.964298 1.892770 
0.964344 1.892276 
0.964548 1.891838 
0.964746 1.891363 
0.964884 1.890899 
0.965080 1.890387 
0.965249 1.889917 
0.965414 1.889435 
0.965568 1.888944 
0.965632 1.888390 
0.965849 1.887914 
0.966121 1.887227 
0.966236 1.886912 
0.966463 1.886233 
0.966604 1.885852 
0.966804 1.885412 
0.966939 1.884738 
0.967065 1.884323 
0.967270 1.883888 
0.967424 1.883432 
0.967601 1.882957 
0.967763 1.882449 
0.967941 1.881963 
0.968089 1.881458 
0.968264 1.880981 
0.968441 1.880492 
0.968596 1.879724 
0.968797 1.879192 
0.968961 1.878837 
0.969088 1.878493 
0.969285 1.877739 
0.969405 1.877345 
0.969568 1.876849 
0.969672 1.876352 
0.969857 1.876033 
0.969981 1.875548 
0.970182 1.875039 
0.970395 1.874411 
0.970543 1.873917 
0.970666 1.873689 
0.970799 1.873245 
0.970909 1.872751 
0.971297 1.872225 
0.971459 1.871787 
0.971630 1.871295 
0.971498 1.870463 
0.972017 1.870236 
0.971924 1.869739 
0.972111 1.869350 
0.972308 1.868943 
0.972363 1.868105 
0.972752 1.867708 
0.972787 1.867264 
0.973008 1.866825 
0.973154 1.866447 
0.973335 1.865938 
0.973472 1.865462 
0.973638 1.864956 
0.973841 1.864460 
0.974015 1.863983 
0.974190 1.863504 
0.974358 1.862989 
0.974529 1.862485 
0.974679 1.862028 
0.974850 1.861572 
0.975107 1.860887 
0.975164 1.860561 
0.975423 1.859843 
0.975491 1.859570 
0.975687 1.859105 
0.975832 1.858633 
0.976017 1.857825 
0.976181 1.857596 
0.976305 1.857101 
0.976333 1.856582 
0.976857 1.856196 
0.976597 1.855437 
0.976968 1.855100 
0.977044 1.854715 
0.977044 1.854296 
0.977195 1.853642 
0.977418 1.853368 
0.977604 1.852990 
0.977862 1.852318 
0.977983 1.851982 
0.978015 1.851258 
0.978284 1.850894 
0.978627 1.850679 
0.978390 1.849703 
0.978587 1.849308 
0.978841 1.849004 
0.979058 1.848483 
0.979320 1.848127 
0.979464 1.847620 
0.979637 1.846885 
0.979864 1.846508 
0.979988 1.846060 
0.980092 1.845528 
0.980375 1.845079 
0.980430 1.844567 
0.980018 1.843835 
0.980991 1.843585 
0.981126 1.843328 
0.981310 1.842508 
0.981251 1.841904 
0.981651 1.841617 
0.981572 1.841072 
0.981751 1.840689 
0.982070 1.840273 
0.982271 1.839778 
0.982405 1.839241 
0.982400 1.838668 
0.982662 1.838219 
0.982980 1.837675 
0.982660 1.836929 
0.983234 1.836618 
0.983610 1.836248 
0.983572 1.835760 
0.983428 1.835350 
0.982751 1.834253 
0.982665 1.833529 
0.983113 1.833514 
0.983710 1.833217 
0.984339 1.832950 
0.984282 1.832487 
0.984715 1.832104 
0.984744 1.831633 
0.985012 1.830978 
0.985367 1.830491 
0.985475 1.830114 
0.985470 1.829716 
0.986089 1.829187 
0.985605 1.828483 
0.985495 1.827652 
0.985799 1.827518 
0.985973 1.826726 
0.986197 1.826532 
0.986334 1.825952 
0.987032 1.825492 
0.986678 1.824970 
0.987238 1.824778 
0.987370 1.823974 
0.987267 1.823240 
0.987590 1.823047 
0.987642 1.822717 
0.987980 1.822103 
0.988143 1.821550 
0.987509 1.820827 
0.986408 1.819340 
0.987966 1.820099 
0.988467 1.819616 
0.989508 1.819430 
0.989079 1.818654 
0.989601 1.818474 
0.989588 1.817793 
0.989732 1.817599 
0.990050 1.817079 
0.989677 1.816184 
0.990188 1.815953 
0.990396 1.815669 
0.990599 1.815219 
0.990661 1.814779 
0.990951 1.814242 
0.991077 1.813828 
0.991120 1.813332 
0.991041 1.812565 
0.991354 1.812042 
0.991502 1.811653 
0.991667 1.811135 
0.992115 1.810737 
0.992191 1.810271 
0.992237 1.809671 
0.992494 1.809208 
0.992861 1.808692 
0.992874 1.808154 
0.992923 1.807858 
0.993225 1.807339 
0.993436 1.806733 
0.993566 1.806229 
0.993789 1.805733 
0.993839 1.805426 
0.994015 1.804937 
0.994466 1.804437 
0.993903 1.803350 
0.994429 1.803138 
0.994876 1.802740 
0.994749 1.802119 
0.994179 1.801458 
0.994884 1.800968 
0.995286 1.800706 
0.995559 1.800321 
0.995655 1.799809 
0.995930 1.799379 
0.994835 1.798128 
0.995397 1.797763 
0.994612 1.796962 
0.996186 1.797324 
0.996389 1.796792 
0.996247 1.796373 
0.997060 1.796120 
0.996126 1.795337 
0.997291 1.795166 
0.997255 1.794622 
0.997569 1.794238 
0.997725 1.793924 
0.997926 1.793183 
0.997955 1.792898 
0.998230 1.792271 
0.998095 1.791505 
0.998599 1.791397 
0.997759 1.790402 
0.984608 1.781878 
0.982147 1.779960 
0.981320 1.778937 
0.981885 1.778702 
0.983303 1.778935 
0.988373 1.781129 
0.991040 1.782275 
0.994069 1.783460 
0.997846 1.785133 
1.000269 1.785891 
1.000493 1.785303 
1.000600 1.784972 
1.000716 1.784563 
1.000863 1.784036 
1.001098 1.783466 
1.001299 1.783097 
1.001407 1.782533 
1.001064 1.781796 
1.001072 1.781081 
1.002109 1.780915 
1.001975 1.780592 
1.002281 1.780076 
1.002433 1.779620 
1.002579 1.779230 
1.002723 1.778595 
1.002980 1.778259 
1.003080 1.777865 
1.003225 1.777359 
1.003397 1.776996 
1.003567 1.776527 
1.003807 1.775926 
1.003884 1.775599 
1.004071 1.775118 
1.004244 1.774651 
1.004400 1.774150 
1.004540 1.773652 
1.004731 1.773197 
1.004914 1.772723 
1.005059 1.772229 
1.005248 1.771747 
1.005402 1.771223 
1.005562 1.770736 
1.005746 1.770207 
1.005935 1.769714 
1.006094 1.769216 
1.006294 1.768707 
1.006472 1.767917 
1.006635 1.767549 
1.006761 1.767020 
1.006845 1.766384 
1.007102 1.766211 
1.007211 1.765648 
1.007288 1.765101 
1.007620 1.764693 
1.007852 1.763983 
1.007852 1.763495 
1.008054 1.762998 
1.007684 1.762316 
1.007618 1.761441 
1.008071 1.761569 
1.008482 1.761079 
1.008194 1.760166 
1.008883 1.760016 
1.009176 1.759679 
1.009201 1.758972 
1.009481 1.758626 
1.008291 1.757424 
1.006207 1.755612 
1.005565 1.754862 
1.006649 1.754781 
1.006974 1.754475 
1.007446 1.754277 
1.010702 1.755526 
1.010942 1.755065 
1.011082 1.754555 
1.011123 1.754138 
1.011238 1.753346 
1.011372 1.753147 
1.011717 1.752781 
1.011725 1.752182 
1.011943 1.751568 
1.012138 1.750975 
1.012277 1.750766 
1.012403 1.750027 
1.012662 1.749611 
1.012824 1.749138 
1.013056 1.748799 
1.013402 1.748445 
1.013561 1.748017 
1.013824 1.747592 
1.014451 1.747358 
1.014752 1.746955 
1.014989 1.746549 
1.015676 1.746107 
