-0.000388 2.140882 
0.000014 2.141288 
0.000367 2.141773 
0.000484 2.142072 
0.001013 2.142678 
0.001134 2.143045 
0.001583 2.143678 
0.002071 2.143845 
0.001859 2.144406 
0.002510 2.144531 
0.002997 2.144918 
0.003296 2.145389 
0.003541 2.145990 
0.003714 2.146609 
0.004185 2.146794 
0.004409 2.147154 
0.004756 2.147662 
0.005027 2.148059 
0.005177 2.148324 
0.005315 2.148878 
0.005675 2.149299 
0.005923 2.149749 
0.006367 2.150255 
0.006589 2.150602 
0.007133 2.150943 
0.007474 2.151487 
0.007632 2.151831 
0.007853 2.152120 
0.008237 2.152412 
0.008454 2.152883 
0.008767 2.153251 
0.009049 2.153637 
0.009356 2.153996 
0.009807 2.154627 
0.010078 2.155156 
0.010420 2.155347 
0.010636 2.155790 
0.010984 2.156310 
0.011274 2.156701 
0.011590 2.156979 
0.011726 2.157301 
0.012156 2.157968 
0.012401 2.158219 
0.012711 2.158692 
0.013014 2.158940 
0.013422 2.159586 
0.013730 2.160060 
0.013902 2.160156 
0.014294 2.160965 
0.014552 2.161026 
0.014863 2.161396 
0.015154 2.161861 
0.015539 2.162342 
0.015872 2.162806 
0.016170 2.163291 
0.016182 2.163878 
0.016765 2.164046 
0.016996 2.164428 
0.017287 2.164746 
0.017559 2.165188 
0.017846 2.165612 
0.018289 2.166251 
0.018517 2.166592 
0.018787 2.166946 
0.019181 2.167549 
0.019571 2.167660 
0.019520 2.168138 
0.020237 2.168382 
0.020421 2.168989 
0.020535 2.169145 
0.020867 2.169858 
0.021261 2.169921 
0.021494 2.170374 
0.021626 2.171066 
0.022236 2.171029 
0.022198 2.171742 
0.022504 2.172219 
0.022958 2.172218 
0.023253 2.172854 
0.023791 2.173012 
0.023968 2.173656 
0.024378 2.174096 
0.024438 2.174762 
0.024775 2.175002 
0.025046 2.175196 
0.025485 2.175941 
0.025692 2.176041 
0.026093 2.176767 
0.026222 2.177157 
0.026724 2.177265 
0.026854 2.177813 
0.027258 2.178435 
0.027408 2.178699 
0.027858 2.179213 
0.028022 2.179520 
0.028451 2.179853 
0.028544 2.180383 
0.029282 2.180692 
0.029499 2.181176 
0.029711 2.181666 
0.030071 2.182101 
0.030314 2.182311 
0.030552 2.182947 
0.030797 2.183534 
0.031268 2.183850 
0.031394 2.184038 
0.031851 2.184514 
0.032071 2.184703 
0.032308 2.185167 
0.032648 2.185740 
0.032852 2.185962 
0.033280 2.186572 
0.033434 2.186729 
0.033730 2.187101 
0.034173 2.187798 
0.034371 2.188068 
0.034685 2.188451 
0.034980 2.188925 
0.035185 2.189160 
0.035429 2.189630 
0.035800 2.189995 
0.036118 2.190415 
0.036497 2.190917 
0.036918 2.191536 
0.037172 2.191879 
0.037377 2.192099 
0.037778 2.192694 
0.038069 2.193115 
0.038309 2.193284 
0.038618 2.193831 
0.039045 2.194384 
0.039310 2.194789 
0.039652 2.195272 
0.039852 2.195395 
0.040207 2.196039 
0.040424 2.196246 
0.040732 2.196634 
0.041006 2.197058 
0.041488 2.197684 
0.041768 2.198160 
0.042005 2.198215 
0.042315 2.198775 
0.042573 2.199086 
0.042875 2.199582 
0.043264 2.200059 
0.043547 2.200590 
0.043718 2.200685 
0.044026 2.201058 
0.044266 2.201504 
0.044704 2.202031 
0.044976 2.202472 
0.045178 2.202563 
0.045597 2.203272 
0.045885 2.203636 
0.046171 2.204062 
0.046528 2.204472 
0.046792 2.204878 
0.047089 2.205363 
0.047308 2.205451 
0.047676 2.206068 
0.047847 2.206310 
0.048213 2.206811 
0.048610 2.207367 
0.048831 2.207745 
0.049172 2.208229 
0.049440 2.208382 
0.049784 2.209039 
0.050164 2.209583 
0.050561 2.209761 
0.050586 2.210303 
0.051017 2.210676 
0.051469 2.210969 
0.051605 2.211570 
0.051925 2.211740 
0.052208 2.212199 
0.052488 2.212587 
0.052826 2.213015 
0.053141 2.213426 
0.053432 2.213846 
0.053760 2.214241 
0.054102 2.214653 
0.054378 2.215103 
0.054704 2.215500 
0.055005 2.215910 
0.055301 2.216326 
0.055576 2.216704 
0.055881 2.217082 
0.056157 2.217475 
0.056464 2.217863 
0.056754 2.218255 
0.057042 2.218621 
0.057321 2.219011 
0.057584 2.219402 
0.057877 2.219791 
0.058192 2.220201 
0.058481 2.220595 
0.058789 2.220982 
0.059094 2.221416 
0.059328 2.221882 
0.059775 2.222503 
0.059966 2.222927 
0.060384 2.223329 
0.060700 2.223752 
0.061098 2.224045 
0.061214 2.224376 
0.061603 2.224938 
0.061927 2.225425 
0.062172 2.225750 
0.062446 2.226188 
0.062861 2.226813 
0.063077 2.227021 
0.063393 2.227444 
0.063659 2.227746 
0.064072 2.228387 
0.064264 2.228694 
0.064510 2.228971 
0.064837 2.229310 
0.065249 2.229924 
0.065479 2.230131 
0.065760 2.230577 
0.066049 2.230927 
0.066359 2.231370 
0.066656 2.231786 
0.066952 2.232157 
0.067254 2.232550 
0.067555 2.232947 
0.067870 2.233340 
0.068152 2.233756 
0.068445 2.234131 
0.068750 2.234521 
0.069027 2.234912 
0.069275 2.235291 
0.069583 2.235679 
0.069871 2.236088 
0.070190 2.236463 
0.070472 2.236894 
0.070793 2.237312 
0.071108 2.237736 
0.071496 2.238420 
0.071676 2.238811 
0.072051 2.239317 
0.072197 2.239571 
0.072756 2.239896 
0.073041 2.240395 
0.073258 2.240720 
0.073452 2.241214 
0.073892 2.241697 
0.074184 2.242028 
0.074507 2.242400 
0.074710 2.242913 
0.075187 2.243238 
0.075590 2.243802 
0.076165 2.244051 
0.076246 2.244608 
0.076337 2.245213 
0.076523 2.245482 
0.077034 2.245683 
0.077389 2.246328 
0.077646 2.246742 
0.078109 2.247123 
0.078235 2.247867 
0.078738 2.247915 
0.078966 2.248345 
0.079114 2.248873 
0.079607 2.249079 
0.079703 2.249487 
0.080076 2.250215 
0.080408 2.250344 
0.080644 2.250910 
0.080923 2.251169 
0.081177 2.251746 
0.081391 2.251825 
0.081696 2.252391 
0.082036 2.252848 
0.082446 2.253287 
0.082801 2.253551 
0.083004 2.254081 
0.083119 2.254353 
0.083606 2.254783 
0.083969 2.255098 
0.084157 2.255919 
0.084407 2.256106 
0.084881 2.256260 
0.085230 2.257042 
0.085360 2.257489 
0.085866 2.257504 
0.086017 2.258191 
0.086179 2.258455 
0.086622 2.258730 
0.086840 2.259227 
0.087163 2.259703 
0.087647 2.260297 
0.088126 2.260444 
0.088068 2.261163 
0.088345 2.261379 
0.088704 2.261990 
0.089149 2.262174 
0.089306 2.262591 
0.089536 2.262959 
0.089899 2.263304 
0.090110 2.263750 
0.090437 2.264411 
0.091001 2.264525 
0.091140 2.265269 
0.091233 2.265506 
0.091743 2.265898 
0.091966 2.266216 
0.092328 2.266852 
0.092688 2.267272 
0.093035 2.267458 
0.093197 2.267900 
0.093427 2.268063 
0.093818 2.268728 
0.094004 2.269069 
0.094346 2.269539 
0.094595 2.269843 
0.094958 2.270407 
0.095164 2.270508 
0.095510 2.271061 
0.095901 2.271608 
0.096078 2.271857 
0.096305 2.272215 
0.096709 2.272572 
0.097034 2.272972 
0.097342 2.273594 
0.097748 2.274229 
0.098151 2.274529 
0.098265 2.274774 
0.098557 2.275236 
0.099059 2.275901 
0.099378 2.276292 
0.099580 2.276543 
0.099844 2.276905 
0.100175 2.277311 
0.100439 2.277689 
0.100760 2.278106 
0.101053 2.278510 
0.101372 2.278959 
0.101689 2.279352 
0.101990 2.279746 
0.102318 2.280172 
0.102602 2.280600 
0.102927 2.280998 
0.103243 2.281393 
0.103517 2.281816 
0.103808 2.282193 
0.104110 2.282603 
0.104389 2.282977 
0.104693 2.283399 
0.104988 2.283801 
0.105286 2.284184 
0.105592 2.284545 
0.105848 2.284972 
0.106149 2.285368 
0.106410 2.285851 
0.106809 2.286491 
0.107163 2.286831 
0.107391 2.287244 
0.107631 2.287472 
0.107925 2.287947 
0.108220 2.288334 
0.108573 2.288733 
0.108983 2.289392 
0.109176 2.289757 
0.109348 2.290332 
0.109909 2.290421 
0.110044 2.291037 
0.110519 2.290984 
0.110830 2.291895 
0.111030 2.292004 
0.111291 2.292441 
0.111727 2.293117 
0.111998 2.293457 
0.112232 2.293834 
0.112545 2.294086 
0.112818 2.294673 
0.113089 2.294967 
0.113436 2.295504 
0.113719 2.295728 
0.114061 2.296124 
0.114422 2.296704 
0.114689 2.296974 
0.114993 2.297556 
0.115339 2.297889 
0.115586 2.298459 
0.115917 2.298618 
0.116139 2.299111 
0.116530 2.299703 
0.116723 2.299746 
0.117090 2.300509 
0.117181 2.300879 
0.117788 2.300876 
0.117662 2.301463 
0.118199 2.301637 
0.118554 2.302120 
0.118714 2.302563 
0.118896 2.303013 
0.119628 2.303254 
0.119492 2.303910 
0.120058 2.303979 
0.120465 2.304409 
0.120847 2.304949 
0.120991 2.305658 
0.121366 2.305816 
0.121577 2.306451 
0.121788 2.306869 
0.122378 2.307133 
0.122694 2.307629 
0.122822 2.308004 
0.123268 2.308610 
0.123435 2.308738 
0.123670 2.309293 
0.123955 2.309632 
0.124277 2.310180 
0.124635 2.310777 
0.124905 2.310840 
0.125258 2.311444 
0.125493 2.311690 
0.125836 2.312332 
0.126084 2.312873 
0.126731 2.312783 
0.126914 2.313493 
0.127173 2.313947 
0.127354 2.314426 
0.127687 2.314832 
0.128039 2.315275 
0.128318 2.315664 
0.128523 2.315737 
0.128875 2.316328 
0.129132 2.316740 
0.129439 2.317115 
0.129679 2.317384 
0.130006 2.318074 
0.130442 2.318208 
0.130538 2.318749 
0.130905 2.319088 
0.131134 2.319415 
0.131490 2.319941 
0.131821 2.320231 
0.132031 2.320564 
0.132484 2.321176 
0.132908 2.321527 
0.133084 2.321968 
0.133338 2.322238 
0.133574 2.322645 
0.133855 2.323090 
0.134260 2.323872 
0.134445 2.323952 
0.134842 2.324376 
0.135255 2.324886 
0.135517 2.325294 
0.135793 2.325526 
0.136116 2.326205 
0.136374 2.326792 
0.136813 2.327026 
0.137156 2.327274 
0.137268 2.327841 
0.137811 2.328154 
0.137868 2.328576 
0.138275 2.329267 
0.138501 2.329304 
0.138797 2.329806 
0.139047 2.330154 
0.139386 2.330508 
0.139746 2.331104 
0.139966 2.331293 
0.140237 2.331693 
0.140502 2.332126 
0.140800 2.332495 
0.141092 2.332856 
0.141387 2.333243 
0.141637 2.333604 
0.141941 2.333997 
0.142270 2.334362 
0.142597 2.334745 
0.142885 2.335183 
0.143186 2.335636 
0.143518 2.336028 
0.143826 2.336445 
0.144115 2.336867 
0.144415 2.337249 
0.144731 2.337672 
0.145049 2.338122 
0.145349 2.338534 
0.145672 2.338949 
0.145928 2.339451 
0.146385 2.340075 
0.146567 2.340276 
0.146973 2.340924 
0.147325 2.341397 
0.147520 2.341495 
0.147818 2.341909 
0.148133 2.342318 
0.148402 2.342792 
0.148716 2.343172 
0.149004 2.343581 
0.149438 2.344273 
0.149666 2.344571 
0.150010 2.345111 
0.150243 2.345242 
0.150581 2.345759 
0.150861 2.346088 
0.151173 2.346516 
0.151473 2.346912 
0.151791 2.347333 
0.152084 2.347708 
0.152383 2.348091 
0.152687 2.348468 
0.152998 2.348867 
0.153267 2.349283 
0.153562 2.349670 
0.153844 2.350041 
0.154129 2.350438 
0.154410 2.350840 
0.154720 2.351241 
0.155003 2.351641 
0.155314 2.352025 
0.155630 2.352434 
0.155934 2.352825 
0.156222 2.353235 
0.156548 2.353677 
0.156845 2.354091 
0.157154 2.354507 
0.157477 2.354922 
0.157778 2.355363 
0.158095 2.355740 
0.158379 2.356182 
0.158695 2.356592 
0.159084 2.357288 
0.159426 2.357800 
0.159605 2.358150 
0.160026 2.358475 
0.160289 2.358838 
0.160622 2.359433 
0.160921 2.359773 
0.161147 2.360364 
0.161296 2.360526 
0.161668 2.360876 
0.162136 2.361385 
0.162437 2.361898 
0.162586 2.362104 
0.163029 2.362758 
0.163229 2.362924 
0.163616 2.363359 
0.163809 2.363665 
0.164043 2.364439 
0.164259 2.364851 
0.164632 2.365170 
0.165147 2.365148 
0.165436 2.365614 
0.165658 2.365932 
0.166012 2.366461 
0.166253 2.366965 
0.166434 2.367238 
0.166798 2.367626 
0.166979 2.368046 
0.167353 2.368583 
0.167934 2.368827 
0.168096 2.369500 
0.168381 2.369767 
0.168589 2.370321 
0.168818 2.370601 
0.169415 2.370873 
0.169407 2.371565 
0.169902 2.371549 
0.170184 2.372403 
0.170658 2.372526 
0.170768 2.373271 
0.171236 2.373459 
0.171540 2.374041 
0.171672 2.374267 
0.171975 2.374747 
0.172254 2.375151 
0.172590 2.375626 
0.173021 2.376218 
0.173202 2.376420 
0.173672 2.377016 
0.173935 2.377306 
0.174199 2.377754 
0.174385 2.378112 
0.174825 2.378739 
0.175344 2.378960 
0.175543 2.379055 
0.175900 2.379610 
0.176098 2.380247 
0.176144 2.380576 
0.176561 2.381083 
0.176800 2.381369 
0.177238 2.381969 
0.177398 2.382104 
0.177809 2.382617 
0.177977 2.382862 
0.178340 2.383293 
0.178560 2.383555 
0.179233 2.383891 
0.179130 2.384541 
0.179598 2.384612 
0.179861 2.385486 
0.180052 2.385618 
0.180330 2.386038 
0.180633 2.386491 
0.180954 2.386849 
0.181308 2.387247 
0.181612 2.387698 
0.181908 2.388128 
0.182212 2.388534 
0.182527 2.388944 
0.182857 2.389336 
0.183182 2.389751 
0.183477 2.390182 
0.183787 2.390582 
0.184097 2.390982 
0.184426 2.391377 
0.184671 2.391817 
0.184992 2.392206 
0.185275 2.392620 
0.185580 2.393012 
0.185876 2.393427 
0.186192 2.393820 
0.186488 2.394221 
0.186790 2.394658 
0.187165 2.395399 
0.187424 2.395737 
0.187667 2.396106 
0.188089 2.396475 
0.188261 2.396818 
0.188493 2.397169 
0.188826 2.397560 
0.189098 2.397958 
0.189580 2.398583 
0.189680 2.398724 
0.190063 2.399164 
0.190339 2.399616 
0.190586 2.399878 
0.190886 2.400362 
0.191155 2.400688 
0.191481 2.401117 
0.191770 2.401524 
0.192091 2.401927 
0.192395 2.402319 
0.192673 2.402724 
0.193000 2.403136 
0.193324 2.403580 
0.193625 2.403990 
0.193951 2.404417 
0.194280 2.404840 
0.194596 2.405278 
0.194928 2.405714 
0.195240 2.406112 
0.195543 2.406578 
0.195864 2.406997 
0.196147 2.407381 
0.196477 2.407819 
0.196782 2.408253 
0.197087 2.408659 
0.197392 2.409064 
0.197697 2.409485 
0.198018 2.409917 
0.198329 2.410302 
0.198609 2.410749 
0.198923 2.411174 
0.199239 2.411583 
0.199482 2.412054 
0.199938 2.412723 
0.200144 2.413028 
0.200472 2.413309 
0.200699 2.413680 
0.200944 2.414018 
0.201270 2.414504 
0.201691 2.415078 
0.201937 2.415443 
0.202156 2.415547 
0.202381 2.415994 
0.202756 2.416544 
0.202982 2.416815 
0.203380 2.417371 
0.203576 2.417658 
0.204076 2.418060 
0.204185 2.418587 
0.204774 2.418836 
0.204811 2.419323 
0.205210 2.419920 
0.205615 2.420220 
0.205910 2.420724 
0.206032 2.420959 
0.206500 2.421351 
0.206739 2.421959 
0.206966 2.422316 
0.207268 2.422622 
0.207547 2.422997 
0.207834 2.423423 
0.208177 2.423905 
0.208509 2.424399 
0.208875 2.424899 
0.209175 2.425324 
0.209569 2.425562 
0.209660 2.425847 
0.210081 2.426523 
0.210241 2.426674 
0.210536 2.427090 
0.210849 2.427531 
0.211303 2.428172 
0.211563 2.428435 
0.211840 2.428710 
0.212073 2.429134 
0.212381 2.429668 
0.212716 2.430261 
0.213217 2.430398 
0.213395 2.430939 
0.213518 2.431305 
0.213964 2.431604 
0.214130 2.431954 
0.214318 2.432280 
0.214714 2.432559 
0.215091 2.433078 
0.215449 2.433500 
0.215564 2.433976 
0.215923 2.434398 
0.216181 2.434694 
0.216434 2.435256 
0.216695 2.435548 
0.217064 2.436046 
0.217416 2.436562 
0.217645 2.436843 
0.218011 2.437229 
0.218404 2.437877 
0.218693 2.438067 
0.219022 2.438591 
0.219446 2.439250 
0.219643 2.439391 
0.219988 2.439710 
0.220229 2.440241 
0.220679 2.440960 
0.220737 2.441323 
0.221351 2.441385 
0.221738 2.441965 
0.221998 2.442053 
0.222185 2.442862 
0.222548 2.443264 
0.222664 2.443536 
0.223086 2.444240 
0.223237 2.444444 
0.223753 2.444581 
0.224049 2.445203 
0.224327 2.445768 
0.224476 2.446032 
0.224867 2.446638 
0.225016 2.446845 
0.225467 2.447198 
0.225651 2.447556 
0.225952 2.448289 
0.226564 2.448396 
0.226441 2.448935 
0.226829 2.449429 
0.227391 2.449561 
0.227380 2.450054 
0.228022 2.450392 
0.228143 2.450863 
0.228484 2.451318 
0.228588 2.451690 
0.229046 2.452284 
0.229184 2.452559 
0.229627 2.452818 
0.229858 2.453273 
0.230216 2.453652 
0.230443 2.454068 
0.230816 2.454473 
0.231187 2.454955 
0.231522 2.455372 
0.231734 2.455716 
0.232056 2.456119 
0.232382 2.456502 
0.232697 2.456912 
0.232980 2.457341 
0.233295 2.457736 
0.233568 2.458174 
0.233876 2.458563 
0.234193 2.458985 
0.234500 2.459374 
0.234805 2.459765 
0.235113 2.460197 
0.235443 2.460590 
0.235725 2.461021 
0.236002 2.461427 
0.236292 2.461790 
0.236585 2.462207 
0.236896 2.462563 
0.237274 2.463096 
0.237510 2.463634 
0.237826 2.464056 
0.238081 2.464370 
0.238308 2.464727 
0.238648 2.465183 
0.238851 2.465273 
0.239190 2.466009 
0.239313 2.466257 
0.239799 2.466528 
0.240102 2.467125 
0.240397 2.467351 
0.240636 2.467770 
0.240941 2.468145 
0.241288 2.468536 
0.241640 2.469214 
0.241920 2.469616 
0.242318 2.469777 
0.242616 2.470467 
0.242943 2.470995 
0.243141 2.471194 
0.243511 2.471720 
0.243797 2.472219 
0.244233 2.472558 
0.244428 2.472950 
0.244712 2.473202 
0.245008 2.473735 
0.245379 2.474215 
0.245666 2.474713 
0.245955 2.474828 
0.246296 2.475431 
0.246548 2.475877 
0.246867 2.476107 
0.247115 2.476573 
0.247540 2.477188 
0.247787 2.477378 
0.248140 2.477966 
0.248451 2.478366 
0.248705 2.478620 
0.249097 2.479269 
0.249328 2.479564 
0.249645 2.479781 
0.249914 2.480153 
0.250278 2.480787 
0.250619 2.481185 
0.250746 2.481312 
0.251101 2.481679 
0.251383 2.482182 
0.251652 2.482493 
0.252078 2.483063 
0.252294 2.483343 
0.252605 2.483671 
0.253018 2.484327 
0.253236 2.484489 
0.253543 2.484878 
0.253857 2.485289 
0.254177 2.485693 
0.254587 2.486352 
0.254912 2.486795 
0.255133 2.486895 
0.255484 2.487266 
0.255717 2.487778 
0.256210 2.488421 
0.256457 2.488728 
0.256803 2.489208 
0.257100 2.489359 
0.257363 2.489794 
0.257694 2.490157 
0.258007 2.490569 
0.258299 2.490945 
0.258636 2.491346 
0.258956 2.491720 
0.259264 2.492107 
0.259596 2.492499 
0.259926 2.492908 
0.260240 2.493289 
0.260544 2.493652 
0.260843 2.494035 
0.261152 2.494407 
0.261463 2.494777 
0.261782 2.495154 
0.262067 2.495537 
0.262377 2.495907 
0.262664 2.496244 
0.262977 2.496569 
0.263340 2.496883 
0.263902 2.497336 
0.263753 2.498137 
0.264174 2.498653 
0.264259 2.498841 
0.264719 2.499212 
0.265209 2.499318 
0.265562 2.499659 
0.265915 2.499984 
0.266295 2.500587 
0.266609 2.500824 
0.266823 2.501281 
0.267186 2.501757 
0.267512 2.502082 
0.267998 2.502704 
0.268174 2.502881 
0.268795 2.503360 
0.268863 2.503623 
0.269237 2.503984 
0.269715 2.504615 
0.269870 2.504845 
0.270311 2.505559 
0.270896 2.505504 
0.271005 2.506149 
0.271313 2.506360 
0.271671 2.506518 
0.272239 2.506994 
0.272386 2.507408 
0.272542 2.507842 
0.273110 2.508390 
0.273563 2.508725 
0.273707 2.508908 
0.274154 2.509557 
0.274322 2.509686 
0.274847 2.510324 
0.275318 2.510377 
0.275640 2.510663 
0.275995 2.511015 
0.275905 2.511564 
0.276463 2.511539 
0.276818 2.512243 
0.277041 2.512326 
0.277433 2.512682 
0.277807 2.512971 
0.278339 2.513545 
0.278357 2.513919 
0.278910 2.514281 
0.279153 2.514737 
0.279627 2.514715 
0.279992 2.515071 
0.280044 2.515658 
0.280636 2.516020 
0.281035 2.516269 
0.281248 2.516728 
0.281845 2.517232 
0.282018 2.517384 
0.282568 2.517995 
0.282768 2.518177 
0.283272 2.518414 
0.283493 2.518808 
0.283986 2.518999 
0.284377 2.519370 
0.284662 2.519840 
0.285302 2.520095 
0.285523 2.520751 
0.286048 2.520776 
0.286213 2.521229 
0.286520 2.521500 
0.286930 2.521765 
0.287198 2.522487 
0.287865 2.522463 
0.287829 2.522911 
0.288639 2.523071 
0.288911 2.523423 
0.289030 2.523852 
0.289552 2.524143 
0.289856 2.524347 
0.290202 2.524767 
0.290556 2.524945 
0.290884 2.525369 
0.291236 2.525550 
0.291887 2.525953 
0.292159 2.526217 
0.292364 2.526890 
0.292751 2.526901 
0.293339 2.527327 
0.293673 2.527352 
0.293965 2.528020 
0.294458 2.528283 
0.294788 2.528531 
0.295248 2.528991 
0.295634 2.529238 
0.296118 2.529729 
0.296619 2.529855 
0.296925 2.530200 
0.297145 2.530446 
0.297467 2.530836 
0.297809 2.531215 
0.298389 2.531766 
0.298730 2.531695 
0.299034 2.532132 
0.299735 2.532480 
0.300191 2.532828 
0.300467 2.532972 
0.300897 2.533157 
0.301272 2.533561 
0.301711 2.533794 
0.302281 2.534080 
0.302669 2.534526 
0.302882 2.534797 
0.303496 2.535253 
0.303811 2.535385 
0.304366 2.535831 
0.304839 2.536073 
0.305075 2.536069 
0.305484 2.536452 
0.305923 2.536525 
0.306263 2.537142 
0.306606 2.537259 
0.306839 2.537595 
0.307281 2.537841 
0.307679 2.538058 
0.308350 2.538470 
0.308801 2.538733 
0.309016 2.539059 
0.309322 2.539494 
0.309669 2.539767 
0.310454 2.539662 
0.310934 2.540057 
0.311278 2.540450 
0.311608 2.540873 
0.312270 2.541044 
0.312384 2.541214 
0.313073 2.541605 
0.313635 2.541796 
0.313935 2.542206 
0.314188 2.542244 
0.314717 2.542543 
0.315293 2.542952 
0.315460 2.543051 
0.315874 2.543487 
0.316224 2.543655 
0.317082 2.543662 
0.317704 2.543891 
0.317858 2.544501 
0.318006 2.545015 
0.318660 2.544918 
0.318914 2.545436 
0.319720 2.545483 
0.320089 2.545864 
0.320436 2.546197 
0.320575 2.546428 
0.321338 2.546638 
0.321767 2.546766 
0.322402 2.547009 
0.322702 2.547304 
0.323021 2.547417 
0.323641 2.547764 
0.324025 2.548159 
0.324062 2.548339 
0.324637 2.548413 
0.325260 2.548684 
0.325596 2.548795 
0.326037 2.549129 
0.326517 2.549332 
0.327036 2.549949 
0.327491 2.549784 
0.328083 2.550017 
0.328379 2.550272 
0.328718 2.550596 
0.329595 2.550875 
0.329873 2.551310 
0.330528 2.551401 
0.330636 2.551593 
0.331391 2.551899 
0.331943 2.552174 
0.332309 2.552368 
0.332716 2.552402 
0.333345 2.552784 
0.333750 2.552995 
0.334183 2.553279 
0.334643 2.553550 
0.335119 2.553684 
0.335603 2.553928 
0.336100 2.554130 
0.336554 2.554421 
0.337044 2.554644 
0.337545 2.554841 
0.338022 2.555107 
0.338503 2.555325 
0.339000 2.555527 
0.339506 2.555702 
0.339944 2.555966 
0.340415 2.556136 
0.340899 2.556322 
0.341335 2.556515 
0.341816 2.556734 
0.342360 2.556871 
0.343071 2.557019 
0.343545 2.557229 
0.343767 2.557519 
0.344305 2.557544 
0.344846 2.557742 
0.345305 2.557971 
0.345720 2.558245 
0.346249 2.558469 
0.346723 2.558667 
0.347294 2.558789 
0.347780 2.559031 
0.348237 2.559275 
0.348823 2.559409 
0.349299 2.559647 
0.349870 2.559785 
0.350330 2.559996 
0.350873 2.560163 
0.351345 2.560376 
0.351901 2.560528 
0.352390 2.560783 
0.352994 2.560870 
0.353452 2.561098 
0.353995 2.561280 
0.354962 2.561359 
0.355140 2.561505 
0.355536 2.561829 
0.356093 2.561908 
0.356688 2.562064 
0.357210 2.562194 
0.357769 2.562358 
0.358266 2.562501 
0.358814 2.562778 
0.359466 2.562977 
0.360022 2.563101 
0.360499 2.563395 
0.361173 2.563336 
0.361403 2.563514 
0.362004 2.563706 
0.362429 2.563838 
0.363038 2.563993 
0.363736 2.564199 
0.364106 2.564404 
0.364474 2.564466 
0.364984 2.564549 
0.365581 2.564601 
0.366106 2.564816 
0.366577 2.565045 
0.367300 2.565020 
0.367766 2.565254 
0.368337 2.565377 
0.368940 2.565436 
0.369413 2.565692 
0.370117 2.565731 
0.370653 2.565905 
0.371563 2.566060 
0.371941 2.566097 
0.372448 2.566360 
0.373346 2.566382 
0.373790 2.566480 
0.374592 2.566647 
0.375203 2.566655 
0.375669 2.566800 
0.376485 2.566852 
0.376823 2.566945 
0.377653 2.567099 
0.378321 2.567088 
0.378871 2.567233 
0.379465 2.567330 
0.380013 2.567462 
0.380755 2.567447 
0.381266 2.567604 
0.381953 2.567662 
0.382532 2.567775 
0.382851 2.567961 
0.383857 2.567854 
0.384138 2.568022 
0.385633 2.567497 
0.385038 2.568773 
0.386611 2.567813 
0.386592 2.568462 
0.388196 2.567455 
0.387409 2.568950 
0.388919 2.568059 
0.389133 2.568721 
0.390366 2.567978 
0.389862 2.569304 
0.391281 2.568509 
0.391705 2.568802 
0.392171 2.568758 
0.392600 2.569017 
0.393186 2.569139 
0.393730 2.569391 
0.394591 2.569132 
0.395425 2.569339 
0.395797 2.569426 
0.396478 2.569519 
0.397092 2.569465 
0.397747 2.569671 
0.398216 2.569741 
0.398956 2.569919 
0.399669 2.569859 
0.400165 2.569902 
0.400695 2.570009 
0.401156 2.570278 
0.401603 2.570532 
0.402241 2.570582 
0.402751 2.570799 
0.403375 2.570851 
0.404104 2.570819 
0.404754 2.570829 
0.405144 2.571172 
0.405599 2.571448 
0.406094 2.571652 
0.407085 2.571487 
0.407785 2.571500 
0.408330 2.571446 
0.409344 2.571375 
0.409755 2.571258 
0.410328 2.571334 
0.411033 2.571285 
0.411511 2.571448 
0.411899 2.571663 
0.412613 2.571604 
0.413188 2.571707 
0.413887 2.571722 
0.415128 2.571307 
0.415393 2.571521 
0.415770 2.571879 
0.416443 2.571892 
0.417515 2.571482 
0.418309 2.571338 
0.418816 2.571558 
0.419633 2.571491 
0.420195 2.571637 
0.420675 2.571900 
0.422077 2.571298 
0.422612 2.571766 
0.423003 2.571861 
0.423709 2.571709 
0.424673 2.571719 
0.425159 2.571684 
0.425753 2.571736 
0.427093 2.571040 
0.427893 2.570992 
0.428430 2.571135 
0.429425 2.571113 
0.429538 2.571402 
0.430483 2.571477 
0.431337 2.571370 
0.431781 2.571233 
0.433172 2.570877 
0.433697 2.570858 
0.434597 2.570807 
0.435905 2.570186 
0.436336 2.570196 
0.436712 2.570438 
0.437575 2.570484 
0.437972 2.570586 
0.439394 2.570051 
0.440170 2.569908 
0.440763 2.569920 
0.441530 2.569849 
0.442080 2.569892 
0.442889 2.569571 
0.444141 2.569332 
0.444808 2.569235 
0.445430 2.569244 
0.445923 2.569203 
0.446240 2.569015 
0.447213 2.569041 
0.447570 2.569061 
0.448709 2.569094 
0.449369 2.569122 
0.451133 2.569201 
0.461458 2.569067 
0.462162 2.568787 
0.463174 2.568755 
0.463791 2.568729 
0.464305 2.568503 
0.465050 2.568119 
0.465873 2.568048 
0.466329 2.567916 
0.468063 2.568178 
0.469088 2.568240 
0.470044 2.568303 
0.469347 2.567429 
0.470314 2.567010 
0.470249 2.566454 
0.470834 2.566430 
0.471568 2.566098 
0.471865 2.565898 
0.472467 2.565826 
0.472955 2.565464 
0.473691 2.565455 
0.474190 2.565172 
0.475036 2.564770 
0.475474 2.564769 
0.476184 2.564458 
0.476658 2.564302 
0.477536 2.564075 
0.478275 2.563950 
0.479001 2.563708 
0.479552 2.563601 
0.480127 2.563404 
0.480893 2.563260 
0.481241 2.563117 
0.481960 2.562859 
0.482543 2.562667 
0.483147 2.562488 
0.483699 2.562216 
0.484274 2.562103 
0.484701 2.561964 
0.485814 2.562142 
0.486207 2.561575 
0.486287 2.561184 
0.487239 2.561103 
0.487642 2.560948 
0.488522 2.560699 
0.488893 2.560548 
0.489139 2.559873 
0.490422 2.560018 
0.490463 2.559639 
0.491201 2.559394 
0.491613 2.559256 
0.492365 2.559163 
0.492980 2.558669 
0.493438 2.558539 
0.493885 2.558293 
0.494703 2.558004 
0.495295 2.557722 
0.495659 2.557613 
0.496171 2.557350 
0.497153 2.557002 
0.497470 2.556707 
0.498042 2.556483 
0.498639 2.556301 
0.498841 2.555991 
0.499422 2.555702 
0.500051 2.555419 
0.500469 2.555239 
0.501154 2.554875 
0.501633 2.554806 
0.501899 2.554610 
0.502587 2.554283 
0.503091 2.553871 
0.503679 2.553719 
0.503957 2.553625 
0.504442 2.553321 
0.505190 2.553023 
0.505733 2.552732 
0.506062 2.552553 
0.506399 2.552212 
0.506763 2.551972 
0.507637 2.552019 
0.507826 2.551520 
0.508383 2.551228 
0.508818 2.550938 
0.509390 2.550716 
0.509897 2.550450 
0.510314 2.549850 
0.511559 2.550008 
0.511812 2.549564 
0.511920 2.549252 
0.512608 2.548805 
0.513054 2.548584 
0.513576 2.548172 
0.513998 2.548018 
0.514321 2.547764 
0.514824 2.547507 
0.515419 2.547323 
0.515911 2.546772 
0.516211 2.546575 
0.516848 2.546107 
0.517196 2.546012 
0.517788 2.545586 
0.518107 2.545330 
0.518449 2.544931 
0.518825 2.544580 
0.519349 2.544182 
0.520102 2.543947 
0.520379 2.543805 
0.520971 2.543164 
0.521218 2.542967 
0.521442 2.542720 
0.521786 2.542418 
0.522476 2.542057 
0.522783 2.541840 
0.523052 2.541526 
0.523361 2.541167 
0.524010 2.540790 
0.524470 2.540565 
0.524779 2.540349 
0.525215 2.540085 
0.525590 2.539733 
0.526279 2.539360 
0.526724 2.539196 
0.527160 2.538967 
0.527679 2.538687 
0.528184 2.538418 
0.528731 2.538168 
0.528956 2.537514 
0.529827 2.537295 
0.530156 2.537032 
0.530668 2.536853 
0.530864 2.536528 
0.531792 2.536286 
0.532377 2.535976 
0.532864 2.535613 
0.532945 2.535439 
0.533201 2.534986 
0.533685 2.534465 
0.534062 2.534007 
0.534141 2.533831 
0.534511 2.533464 
0.534816 2.532851 
0.534991 2.532332 
0.535021 2.531814 
0.536368 2.532098 
0.536367 2.531357 
0.536959 2.531267 
0.537148 2.530959 
0.537743 2.530692 
0.537980 2.530392 
0.538427 2.530076 
0.538868 2.529588 
0.539235 2.529386 
0.539503 2.528820 
0.539712 2.528335 
0.540140 2.528208 
0.540909 2.528042 
0.541310 2.527660 
0.541238 2.527385 
0.541641 2.526860 
0.541938 2.526601 
0.542298 2.526275 
0.542812 2.525834 
0.543269 2.525680 
0.543758 2.525223 
0.544161 2.524889 
0.544335 2.524608 
0.545074 2.524063 
0.545121 2.523856 
0.545521 2.523508 
0.545934 2.523120 
0.546377 2.522801 
0.547030 2.522224 
0.547134 2.522041 
0.547469 2.521627 
0.547998 2.521232 
0.548275 2.520756 
0.548615 2.520585 
0.549250 2.520008 
0.549580 2.519747 
0.549870 2.519255 
0.550119 2.519107 
0.550550 2.518696 
0.550762 2.518296 
0.551225 2.517954 
0.551821 2.517424 
0.551968 2.517175 
0.552554 2.516660 
0.552728 2.516333 
0.553131 2.515939 
0.553327 2.515685 
0.553652 2.515288 
0.553906 2.514976 
0.554269 2.514652 
0.554583 2.514308 
0.554894 2.513961 
0.555199 2.513588 
0.555532 2.513256 
0.555861 2.512874 
0.556200 2.512474 
0.556543 2.512124 
0.556885 2.511715 
0.557242 2.511327 
0.557556 2.510959 
0.557887 2.510554 
0.558209 2.510181 
0.558541 2.509788 
0.558894 2.509397 
0.559515 2.508836 
0.559793 2.508444 
0.559902 2.507990 
0.559975 2.507547 
0.560390 2.507187 
0.561050 2.506937 
0.561248 2.506553 
0.561568 2.506283 
0.562094 2.505815 
0.562370 2.505649 
0.562720 2.505066 
0.563001 2.504808 
0.563153 2.504429 
0.563454 2.504029 
0.563734 2.503590 
0.564011 2.503198 
0.564573 2.502621 
0.564909 2.502219 
0.565280 2.501805 
0.565607 2.501481 
0.565765 2.501334 
0.566079 2.500798 
0.566361 2.500325 
0.566617 2.500027 
0.566954 2.499626 
0.567266 2.499305 
0.567377 2.498719 
0.567913 2.498580 
0.567937 2.497986 
0.568360 2.497737 
0.569061 2.497611 
0.569336 2.497181 
0.569500 2.496739 
0.569821 2.496363 
0.569946 2.495775 
0.570149 2.495550 
0.570284 2.494730 
0.570721 2.494454 
0.571048 2.494011 
0.571368 2.493647 
0.571624 2.493396 
0.572008 2.492919 
0.572350 2.492641 
0.572659 2.492197 
0.572949 2.491753 
0.573235 2.491319 
0.573414 2.490767 
0.573867 2.490299 
0.574045 2.490009 
0.574429 2.489448 
0.574621 2.488928 
0.574805 2.488702 
0.575133 2.488247 
0.575520 2.487759 
0.575704 2.487438 
0.575980 2.486986 
0.576219 2.486592 
0.576497 2.486140 
0.576858 2.485540 
0.576994 2.485234 
0.577278 2.484811 
0.577518 2.484406 
0.577791 2.483999 
0.578055 2.483598 
0.578338 2.483198 
0.578668 2.482780 
0.579008 2.482095 
0.579090 2.481933 
0.579452 2.481238 
0.579624 2.480789 
0.579784 2.480499 
0.579991 2.480157 
0.580285 2.479774 
0.580668 2.479225 
0.580833 2.478880 
0.581134 2.478515 
0.581388 2.478096 
0.581629 2.477345 
0.581868 2.476987 
0.582230 2.476721 
0.582664 2.476241 
0.582890 2.475839 
0.583157 2.475404 
0.583603 2.474991 
0.583712 2.474823 
0.583894 2.474285 
0.584469 2.473777 
0.584749 2.473351 
0.584795 2.473106 
0.585163 2.472427 
0.585425 2.472001 
0.585771 2.471570 
0.585877 2.471280 
0.586086 2.470916 
0.586552 2.470611 
0.586784 2.470225 
0.587063 2.469786 
0.587351 2.469353 
0.587634 2.468917 
0.587779 2.468163 
0.588039 2.467724 
0.588222 2.467401 
0.588443 2.466829 
0.588461 2.466338 
0.588738 2.465827 
0.588633 2.465555 
0.588879 2.465155 
0.588918 2.464522 
0.588729 2.463849 
0.589202 2.463465 
0.589158 2.462959 
0.589078 2.462237 
0.589502 2.462036 
0.589916 2.461757 
0.589928 2.461072 
0.589949 2.460525 
0.590603 2.460188 
0.590574 2.459571 
0.590616 2.459276 
0.591060 2.458778 
0.590777 2.457781 
0.591128 2.457675 
0.591032 2.456739 
0.591379 2.456597 
0.591715 2.455992 
0.591887 2.455710 
0.592084 2.455206 
0.592287 2.454764 
0.592470 2.454299 
0.592651 2.453485 
0.592865 2.453123 
0.592985 2.452556 
0.593206 2.452354 
0.593279 2.451805 
0.593509 2.451309 
0.593897 2.450978 
0.593931 2.450391 
0.594236 2.449885 
0.594491 2.449384 
0.594576 2.448804 
0.594661 2.448443 
0.595065 2.448110 
0.595083 2.447535 
0.595351 2.446779 
0.595682 2.446506 
0.595783 2.446070 
0.595661 2.445214 
0.595921 2.444906 
0.595997 2.444417 
0.596347 2.444025 
0.596472 2.443438 
0.596824 2.443118 
0.596795 2.442668 
0.596963 2.442277 
0.596996 2.441748 
0.597287 2.441055 
0.597922 2.441183 
0.597741 2.440205 
0.598476 2.440160 
0.598556 2.439578 
0.598226 2.438622 
0.599097 2.438833 
0.598897 2.437997 
0.598608 2.437402 
0.599214 2.436901 
0.599575 2.436649 
0.599457 2.435901 
0.599677 2.435388 
0.599938 2.434986 
0.600034 2.434618 
0.600417 2.434092 
0.600555 2.433608 
0.600348 2.432733 
0.600802 2.432682 
0.601008 2.432280 
0.601308 2.431616 
0.601539 2.431121 
0.601671 2.430634 
0.601866 2.430212 
0.602099 2.429647 
0.602386 2.429489 
0.602348 2.428842 
0.602511 2.428339 
0.602684 2.428106 
0.602543 2.427464 
0.602825 2.426884 
0.603142 2.426494 
0.603407 2.426261 
0.603584 2.425935 
0.603848 2.425533 
0.604117 2.424873 
0.604247 2.424289 
0.604291 2.424066 
0.604648 2.423631 
0.604825 2.423077 
0.605010 2.422577 
0.605222 2.422202 
0.605421 2.421687 
0.605461 2.421128 
0.605440 2.420074 
0.605628 2.419827 
0.606240 2.419654 
0.606195 2.418871 
0.606581 2.418730 
0.606643 2.418184 
0.607032 2.417602 
0.607250 2.417016 
0.607381 2.416863 
0.607500 2.416128 
0.607835 2.415929 
0.608032 2.415138 
0.608214 2.414767 
0.608460 2.414415 
0.608185 2.413457 
0.608764 2.413525 
0.608846 2.412981 
0.609262 2.412465 
0.609378 2.412062 
0.609459 2.411363 
0.609614 2.410820 
0.609521 2.410304 
0.609596 2.409612 
0.610540 2.409525 
0.610309 2.408836 
0.610657 2.408766 
0.610815 2.408067 
0.610755 2.407658 
0.611073 2.407172 
0.611236 2.406801 
0.611373 2.406425 
0.611644 2.405658 
0.611908 2.405185 
0.612027 2.404785 
0.612276 2.404363 
0.612472 2.403978 
0.612622 2.403430 
0.612870 2.402887 
0.612890 2.402375 
0.613021 2.401910 
0.613248 2.401593 
0.613429 2.401209 
0.613561 2.400364 
0.613952 2.399998 
0.614034 2.399562 
0.614257 2.399098 
0.614418 2.398714 
0.614604 2.398226 
0.614774 2.397776 
0.614958 2.397262 
0.615122 2.396773 
0.615341 2.396210 
0.615468 2.395613 
0.615598 2.395111 
0.615743 2.394586 
0.615886 2.394237 
0.616097 2.393861 
0.616362 2.393221 
0.616558 2.392669 
0.616666 2.392382 
0.616919 2.391962 
0.617160 2.391545 
0.617409 2.390836 
0.617474 2.390590 
0.617709 2.389968 
0.617900 2.389663 
0.618428 2.389196 
0.618343 2.388663 
0.618358 2.388099 
0.618540 2.387907 
0.618841 2.387326 
0.619036 2.386930 
0.619303 2.386446 
0.619428 2.386026 
0.619574 2.385572 
0.619851 2.384988 
0.620149 2.384609 
0.620185 2.383773 
0.620380 2.383375 
0.620641 2.383211 
0.620642 2.382602 
0.620881 2.382041 
0.621136 2.381396 
0.621508 2.381126 
0.621396 2.380538 
0.621972 2.380412 
0.621880 2.379683 
0.622199 2.379271 
0.622359 2.378671 
0.622554 2.378177 
0.622633 2.377774 
0.623046 2.377316 
0.622988 2.376488 
0.623454 2.376507 
0.623356 2.375796 
0.623672 2.375180 
0.623922 2.374805 
0.624052 2.374388 
0.624217 2.373923 
0.624456 2.373303 
0.624818 2.372739 
0.624961 2.372569 
0.625054 2.371878 
0.625134 2.371332 
0.625368 2.371115 
0.625524 2.370655 
0.625535 2.370077 
0.625448 2.369087 
0.625926 2.368958 
0.626338 2.368751 
0.626461 2.368436 
0.626672 2.367678 
0.626922 2.367195 
0.627082 2.366967 
0.627132 2.366509 
0.627263 2.365687 
0.627465 2.365364 
0.627790 2.365015 
0.627862 2.364585 
0.628277 2.364044 
0.628424 2.363518 
0.628477 2.362895 
0.628740 2.362673 
0.628923 2.362267 
0.629101 2.361548 
0.629287 2.361035 
0.629454 2.360487 
0.629710 2.360344 
0.629813 2.359790 
0.629944 2.359230 
0.630155 2.358460 
0.630461 2.358232 
0.630613 2.357865 
0.630694 2.357344 
0.630976 2.356656 
0.631140 2.356525 
0.631441 2.355922 
0.631880 2.355515 
0.631410 2.354647 
0.631742 2.354050 
0.632474 2.354171 
0.632433 2.353618 
0.632524 2.352962 
0.632697 2.352357 
0.633098 2.352273 
0.633031 2.351584 
0.633218 2.351001 
0.633587 2.350620 
0.633511 2.350392 
0.633627 2.349703 
0.633792 2.349417 
0.634043 2.348887 
0.634456 2.348406 
0.634495 2.348180 
0.634855 2.347710 
0.634840 2.347175 
0.635065 2.346593 
0.635269 2.346248 
0.635438 2.345762 
0.635642 2.345273 
0.635870 2.344777 
0.636028 2.344284 
0.636253 2.343809 
0.636478 2.343335 
0.636686 2.342850 
0.636884 2.342346 
0.637040 2.341814 
0.637270 2.341332 
0.637448 2.340874 
0.637650 2.340420 
0.637822 2.339900 
0.638040 2.339433 
0.638214 2.338914 
0.638401 2.338450 
0.638616 2.337959 
0.638795 2.337203 
0.638903 2.336855 
0.639157 2.336269 
0.639346 2.335854 
0.639591 2.335513 
0.639700 2.334974 
0.639971 2.334279 
0.640056 2.334072 
0.640245 2.333622 
0.640453 2.333184 
0.640645 2.332724 
0.640812 2.331997 
0.641116 2.331599 
0.641158 2.331375 
0.641341 2.330575 
0.641422 2.330354 
0.641722 2.329700 
0.641891 2.329513 
0.642184 2.329119 
0.642237 2.328532 
0.642451 2.327967 
0.642630 2.327606 
0.642815 2.327117 
0.643027 2.326671 
0.643253 2.326198 
0.643449 2.325704 
0.643651 2.325239 
0.643808 2.324731 
0.643956 2.324256 
0.644191 2.323811 
0.644418 2.323326 
0.644622 2.322863 
0.644789 2.322363 
0.644995 2.321912 
0.645173 2.321419 
0.645337 2.320929 
0.645510 2.320444 
0.645687 2.319962 
0.645874 2.319499 
0.646072 2.318697 
0.646369 2.318461 
0.646537 2.318045 
0.646461 2.317255 
0.646777 2.316827 
0.647337 2.316500 
0.647258 2.315851 
0.647379 2.315692 
0.647556 2.314922 
0.647684 2.314755 
0.647951 2.314273 
0.648112 2.313793 
0.648299 2.313342 
0.648505 2.312927 
0.648618 2.312546 
0.648815 2.312102 
0.648996 2.311671 
0.649170 2.311199 
0.649385 2.310730 
0.649552 2.310266 
0.649733 2.309775 
0.649936 2.309310 
0.650125 2.308836 
0.650328 2.308372 
0.650528 2.307893 
0.650756 2.307396 
0.650913 2.306866 
0.651099 2.306367 
0.651250 2.305844 
0.651364 2.305285 
0.651428 2.304478 
0.651704 2.303930 
0.651967 2.303552 
0.652610 2.303244 
0.652389 2.302681 
0.652691 2.302305 
0.652834 2.301910 
0.653198 2.301287 
0.653273 2.300690 
0.653421 2.300512 
0.653529 2.299974 
0.653726 2.299171 
0.653945 2.298884 
0.654233 2.298486 
0.654288 2.298033 
0.654472 2.297328 
0.654620 2.297031 
0.654967 2.296636 
0.654996 2.296069 
0.655213 2.295626 
0.655630 2.295205 
0.655600 2.294374 
0.655650 2.293869 
0.655910 2.293477 
0.656359 2.293257 
0.656297 2.292571 
0.656754 2.292260 
0.656859 2.291875 
0.657052 2.291380 
0.657018 2.290987 
0.657403 2.290224 
0.657390 2.289988 
0.657788 2.289722 
0.657844 2.288923 
0.658252 2.288521 
0.658332 2.287939 
0.658313 2.287663 
0.658752 2.287318 
0.658954 2.286686 
0.659040 2.286239 
0.659175 2.285742 
0.659551 2.285391 
0.659317 2.284377 
0.659786 2.284051 
0.660023 2.283680 
0.660273 2.283497 
0.660383 2.282720 
0.660687 2.282238 
0.660823 2.282027 
0.661033 2.281353 
0.661112 2.281022 
0.661217 2.280482 
0.661756 2.280058 
0.661573 2.279376 
0.662119 2.279340 
0.662167 2.278379 
0.662363 2.277898 
0.662576 2.277797 
0.662753 2.276969 
0.663010 2.276600 
0.663505 2.276541 
0.663217 2.275695 
0.663531 2.275303 
0.663726 2.274905 
0.663696 2.274288 
0.663574 2.273802 
0.664004 2.273510 
0.664405 2.273378 
0.664549 2.272863 
0.664750 2.272445 
0.664839 2.271725 
0.664876 2.271033 
0.665143 2.270718 
0.665487 2.270285 
0.665588 2.269814 
0.665740 2.269291 
0.666004 2.268771 
0.666270 2.268348 
0.666435 2.267739 
0.666717 2.267172 
0.666841 2.266654 
0.666869 2.266374 
0.667277 2.265839 
0.667308 2.265155 
0.667786 2.265038 
0.667894 2.264427 
0.667706 2.263755 
0.668213 2.263584 
0.668085 2.262879 
0.668486 2.262603 
0.668570 2.262097 
0.668811 2.261371 
0.669074 2.260933 
0.669140 2.260403 
0.669051 2.259818 
0.669609 2.259347 
0.669982 2.259077 
0.670190 2.258484 
0.670298 2.258113 
0.670119 2.257470 
0.670558 2.257291 
0.670673 2.256828 
0.670957 2.256130 
0.671061 2.255947 
0.671292 2.255250 
0.671514 2.254750 
0.671897 2.254618 
0.671500 2.253546 
0.672533 2.253779 
0.672440 2.253217 
0.672500 2.252551 
0.672714 2.252165 
0.672517 2.251331 
0.672821 2.250861 
0.673314 2.250717 
0.672970 2.249847 
0.673487 2.249516 
0.673755 2.249106 
0.674022 2.248910 
0.674176 2.248138 
0.674491 2.247759 
0.674880 2.247393 
0.674859 2.246876 
0.675023 2.246266 
0.674986 2.245883 
0.674879 2.244941 
0.675391 2.244690 
0.675687 2.244299 
0.675998 2.244024 
0.675991 2.243434 
0.676325 2.243091 
0.676272 2.242483 
0.676428 2.242060 
0.676872 2.241382 
0.677067 2.241115 
0.676902 2.240243 
0.676968 2.239748 
0.677453 2.239527 
0.678063 2.239292 
0.677706 2.238617 
0.677896 2.238120 
0.678533 2.238059 
0.678699 2.237511 
0.678742 2.236965 
0.678909 2.236595 
0.678955 2.236207 
0.678695 2.235117 
0.679546 2.235424 
0.679373 2.234414 
0.679761 2.234428 
0.679776 2.233483 
0.680236 2.233460 
0.680110 2.232614 
0.680176 2.231939 
0.680347 2.231753 
0.680409 2.230944 
0.681445 2.230977 
0.681013 2.229953 
0.681348 2.229886 
0.681385 2.229133 
0.681744 2.228676 
0.681888 2.228160 
0.682027 2.227726 
0.682356 2.227450 
0.682555 2.226912 
0.682942 2.226555 
0.682549 2.225510 
0.682892 2.225160 
0.683122 2.224785 
0.683575 2.224710 
0.683934 2.224229 
0.683884 2.223455 
0.684243 2.223104 
0.684413 2.222666 
0.684439 2.222109 
0.684685 2.221745 
0.684805 2.221117 
0.684963 2.220695 
0.685248 2.220332 
0.685477 2.219873 
0.685553 2.219373 
0.685868 2.218790 
0.686255 2.218398 
0.685768 2.217457 
0.686562 2.217511 
0.686685 2.216994 
0.686811 2.216599 
0.687027 2.216011 
0.687157 2.215833 
0.687348 2.215360 
0.687538 2.214875 
0.687872 2.214162 
0.688014 2.213824 
0.688131 2.213148 
0.688546 2.212847 
0.688594 2.212412 
0.688656 2.211998 
0.689097 2.211330 
0.689307 2.210978 
0.689386 2.210492 
0.689486 2.209901 
0.688938 2.208740 
0.689879 2.209022 
0.689896 2.208125 
0.690350 2.208159 
0.690535 2.207551 
0.690517 2.206679 
0.690683 2.206334 
0.690977 2.206168 
0.690805 2.205481 
0.691280 2.204835 
0.691450 2.204350 
0.691620 2.204246 
0.691780 2.203753 
0.692033 2.203309 
0.692257 2.202619 
0.692129 2.201889 
0.692571 2.201808 
0.692865 2.201308 
0.693032 2.200820 
0.693256 2.200524 
0.693362 2.199865 
0.693552 2.199405 
0.693798 2.198908 
0.693967 2.198528 
0.694200 2.198011 
0.694319 2.197683 
0.694511 2.197259 
0.694918 2.196880 
0.694852 2.196239 
0.694883 2.195578 
0.695239 2.195298 
0.695458 2.194963 
0.695593 2.194405 
0.695706 2.193978 
0.695386 2.193135 
0.696300 2.192861 
0.696217 2.192388 
0.696119 2.191774 
0.696793 2.191462 
0.696528 2.190453 
0.696982 2.190140 
0.697187 2.189713 
0.697517 2.189558 
0.697737 2.188865 
0.697387 2.188326 
0.697990 2.187871 
0.698118 2.187430 
0.698441 2.186984 
0.698613 2.186606 
0.698786 2.186194 
0.699023 2.185716 
0.699206 2.185214 
0.699403 2.184542 
0.699618 2.184098 
0.699811 2.183745 
0.699894 2.183238 
0.700159 2.182515 
0.700311 2.182148 
0.700522 2.181857 
0.700799 2.181500 
0.700932 2.180989 
0.701145 2.180555 
0.701394 2.179798 
0.701826 2.179710 
0.701686 2.179021 
0.701942 2.178591 
0.702053 2.178137 
0.702298 2.177785 
0.701841 2.176660 
0.702846 2.176877 
0.702766 2.175999 
0.703048 2.175754 
0.703213 2.175490 
0.703315 2.174960 
0.703663 2.174208 
0.703810 2.173826 
0.703831 2.173445 
0.703975 2.172822 
0.704194 2.172488 
0.704334 2.172006 
0.704821 2.171392 
0.704914 2.170879 
0.705118 2.170416 
0.705345 2.170134 
0.705605 2.169599 
0.705656 2.168867 
0.705801 2.168460 
0.705943 2.168123 
0.706133 2.167375 
0.706381 2.167083 
0.706586 2.166751 
0.706870 2.166125 
0.706905 2.165860 
0.707220 2.165445 
0.707277 2.164872 
0.707713 2.164429 
0.707409 2.163561 
0.707768 2.163414 
0.707929 2.162719 
0.708135 2.162185 
0.708264 2.162017 
0.708535 2.161609 
0.708687 2.161135 
0.708915 2.160746 
0.709043 2.160269 
0.709263 2.159839 
0.709449 2.159399 
0.709648 2.158907 
0.709821 2.158436 
0.710038 2.157969 
0.710226 2.157481 
0.710374 2.156814 
0.710487 2.156434 
0.710677 2.156007 
0.710959 2.155546 
0.711240 2.155109 
0.711491 2.154366 
0.711678 2.153926 
0.711633 2.153502 
0.711749 2.152957 
0.712012 2.152472 
0.712289 2.152055 
0.712621 2.151460 
0.712795 2.151096 
0.712983 2.150681 
0.713166 2.150167 
0.713386 2.149702 
0.713612 2.149229 
0.713788 2.148745 
0.713924 2.148214 
0.714147 2.147714 
0.714346 2.147259 
0.714577 2.146789 
0.714619 2.146063 
0.714790 2.145661 
0.714984 2.145250 
0.715149 2.144570 
0.715295 2.144223 
0.715487 2.143847 
0.715763 2.143286 
0.715914 2.142955 
0.716014 2.142291 
0.716322 2.141848 
0.716578 2.141513 
0.716713 2.141231 
0.716943 2.140796 
0.717055 2.140271 
0.717276 2.139794 
0.717453 2.139337 
0.717671 2.138858 
0.717826 2.138339 
0.718036 2.137902 
0.718259 2.137438 
0.718442 2.136972 
0.718665 2.136497 
0.718782 2.135952 
0.718994 2.135481 
0.719187 2.134998 
0.719373 2.134559 
0.719498 2.134043 
0.719727 2.133248 
0.719905 2.132922 
0.720054 2.132470 
0.720327 2.131861 
0.720443 2.131673 
0.720634 2.131129 
0.720753 2.130502 
0.721091 2.130125 
0.721263 2.129593 
0.721640 2.129254 
0.721541 2.128460 
0.721931 2.128429 
0.721587 2.127367 
0.722207 2.127246 
0.722517 2.126816 
0.722638 2.126310 
0.722849 2.125839 
0.723039 2.125352 
0.723132 2.125020 
0.723182 2.124275 
0.723609 2.124113 
0.723672 2.123461 
0.723807 2.123024 
0.724058 2.122566 
0.724154 2.122355 
0.724277 2.121884 
0.724691 2.121307 
0.724522 2.120743 
0.724751 2.120331 
0.724958 2.119570 
0.725570 2.119612 
0.725724 2.119068 
0.725748 2.118497 
0.725905 2.117967 
0.726091 2.117647 
0.726255 2.117156 
0.726390 2.116611 
0.726712 2.116176 
0.726661 2.115474 
0.727030 2.114939 
0.727096 2.114551 
0.727542 2.114162 
0.727615 2.113469 
0.727762 2.112967 
0.727864 2.112580 
0.728431 2.112055 
0.728464 2.111587 
0.728412 2.111016 
0.728513 2.110244 
0.729043 2.110088 
0.729412 2.109709 
0.729393 2.109159 
0.729475 2.108627 
0.729975 2.108202 
0.729821 2.107444 
0.730241 2.107096 
0.730326 2.106866 
0.730718 2.106370 
0.730500 2.105666 
