-0.000321 1.945170 
-0.000037 1.945437 
0.000197 1.945948 
0.000676 1.946604 
0.001119 1.946671 
0.001338 1.947184 
0.001571 1.947542 
0.001965 1.947929 
0.002240 1.948283 
0.002636 1.948698 
0.002897 1.949130 
0.003287 1.949537 
0.003661 1.949961 
0.003989 1.950301 
0.004276 1.950689 
0.004585 1.951096 
0.004939 1.951482 
0.005273 1.951861 
0.005585 1.952250 
0.005878 1.952648 
0.006223 1.953042 
0.006554 1.953440 
0.006878 1.953831 
0.007234 1.954231 
0.007576 1.954631 
0.007908 1.955088 
0.008234 1.955492 
0.008571 1.955898 
0.008873 1.956283 
0.009297 1.956972 
0.009601 1.957110 
0.009922 1.957596 
0.010136 1.957853 
0.010467 1.958174 
0.010801 1.958738 
0.011078 1.958967 
0.011387 1.959453 
0.011652 1.959698 
0.011976 1.960133 
0.012301 1.960493 
0.012634 1.960918 
0.012969 1.961279 
0.013284 1.961667 
0.013607 1.962057 
0.013929 1.962450 
0.014276 1.962860 
0.014607 1.963242 
0.014957 1.963633 
0.015284 1.964020 
0.015577 1.964447 
0.015917 1.964833 
0.016250 1.965244 
0.016595 1.965641 
0.016908 1.966091 
0.017179 1.966544 
0.017563 1.966880 
0.017957 1.967219 
0.018106 1.967814 
0.018349 1.968315 
0.018528 1.968874 
0.018934 1.969184 
0.019583 1.969226 
0.026498 1.962181 
0.027799 1.961337 
0.028533 1.961170 
0.030227 1.959741 
0.031581 1.958943 
0.032636 1.958462 
0.033687 1.957971 
0.035678 1.956396 
0.036804 1.955817 
0.037211 1.956095 
0.037579 1.956403 
0.038055 1.956569 
0.038401 1.956828 
0.038750 1.957128 
0.039121 1.957447 
0.040043 1.957569 
0.042210 1.955540 
0.044519 1.953779 
0.046183 1.952277 
0.048142 1.950724 
0.048862 1.950728 
0.049426 1.950899 
0.050270 1.950574 
0.050701 1.950931 
0.051103 1.951277 
0.051493 1.951605 
0.051887 1.951946 
0.052274 1.952276 
0.052662 1.952607 
0.053057 1.952946 
0.053447 1.953275 
0.053840 1.953615 
0.056835 1.951095 
0.057689 1.950635 
0.058053 1.950947 
0.057876 1.951986 
0.058214 1.952315 
0.058575 1.952645 
0.058983 1.952985 
0.059361 1.953312 
0.060268 1.953035 
0.060845 1.953177 
0.061242 1.953512 
0.061557 1.953974 
0.061669 1.954613 
0.061889 1.955156 
0.061937 1.955792 
0.062007 1.956481 
0.061971 1.957261 
0.062349 1.957588 
0.062598 1.958067 
0.062933 1.958383 
0.063280 1.958684 
0.063634 1.958979 
0.064003 1.959300 
0.064363 1.959602 
0.064741 1.959930 
0.065124 1.960252 
0.065516 1.960593 
0.065705 1.961112 
0.065688 1.961917 
0.066053 1.962244 
0.066440 1.962575 
0.066593 1.963197 
0.066553 1.964014 
0.040636 1.995293 
0.041146 1.995712 
0.041534 1.996043 
0.041836 1.996444 
0.042237 1.996636 
0.042471 1.997377 
0.042791 1.997665 
0.043087 1.998103 
0.043320 1.998292 
0.043768 1.998892 
0.043966 1.999167 
0.044348 1.999814 
0.044472 2.000006 
0.045008 2.000410 
0.045256 2.000705 
0.045634 2.001265 
0.046006 2.001844 
0.046469 2.001949 
0.046648 2.002494 
0.046796 2.002721 
0.047221 2.003177 
0.047431 2.003472 
0.048097 2.003645 
0.048082 2.004356 
0.048556 2.004387 
0.048770 2.005184 
0.049236 2.005222 
0.049313 2.005855 
0.049792 2.006035 
0.050116 2.006470 
0.050240 2.006864 
0.050860 2.007186 
0.051054 2.007805 
0.051254 2.008002 
0.051713 2.008665 
0.051858 2.008897 
0.052457 2.009288 
0.052872 2.009449 
0.053037 2.010102 
0.053224 2.010746 
0.053646 2.010744 
0.053862 2.011338 
0.054432 2.011718 
0.054555 2.012036 
0.054832 2.012388 
0.055245 2.012829 
0.055712 2.013406 
0.055957 2.013628 
0.056291 2.014115 
0.056565 2.014394 
0.056872 2.014805 
0.057167 2.015152 
0.057504 2.015574 
0.057854 2.015963 
0.058163 2.016357 
0.058518 2.016757 
0.058861 2.017156 
0.059178 2.017570 
0.059533 2.017970 
0.059862 2.018340 
0.060173 2.018760 
0.060480 2.019124 
0.060785 2.019507 
0.061071 2.019896 
0.061396 2.020254 
0.061705 2.020647 
0.062015 2.021008 
0.062336 2.021587 
0.062737 2.021978 
0.062973 2.022364 
0.063213 2.022577 
0.063557 2.022990 
0.063701 2.023437 
0.064212 2.024009 
0.064829 2.023887 
0.064958 2.024552 
0.065415 2.024741 
0.065663 2.025452 
0.065970 2.025863 
0.066183 2.026274 
0.066641 2.026692 
0.066869 2.027042 
0.067073 2.027325 
0.067536 2.027968 
0.067876 2.028419 
0.068308 2.028544 
0.068405 2.029046 
0.068736 2.029520 
0.069149 2.029776 
0.069407 2.030305 
0.069719 2.030818 
0.070170 2.030998 
0.070300 2.031247 
0.070740 2.031885 
0.071169 2.032091 
0.071491 2.032500 
0.071636 2.033055 
0.072035 2.033309 
0.072265 2.033657 
0.072636 2.034162 
0.072880 2.034399 
0.073243 2.034744 
0.073652 2.035327 
0.073960 2.035630 
0.074133 2.035934 
0.074514 2.036535 
0.074906 2.037030 
0.075173 2.036981 
0.075696 2.037538 
0.075977 2.037903 
0.075973 2.038476 
0.076360 2.038823 
0.076681 2.038956 
0.077021 2.039543 
0.077268 2.039762 
0.077640 2.040142 
0.078008 2.040882 
0.078428 2.041037 
0.078739 2.041550 
0.078895 2.041875 
0.079351 2.042342 
0.079580 2.042644 
0.080026 2.043153 
0.080280 2.043425 
0.080947 2.043769 
0.081202 2.044348 
0.081337 2.045007 
0.081814 2.045108 
0.082096 2.045595 
0.082320 2.045918 
0.082674 2.046259 
0.082911 2.046628 
0.083283 2.047069 
0.083734 2.047741 
0.084242 2.047749 
0.084142 2.048357 
0.084864 2.048636 
0.085058 2.049348 
0.085306 2.049396 
0.085715 2.050011 
0.086027 2.050309 
0.086241 2.050611 
0.086519 2.050918 
0.086844 2.051290 
0.087097 2.051749 
0.087594 2.052307 
0.087842 2.052709 
0.088066 2.052785 
0.088337 2.053192 
0.088779 2.053876 
0.088957 2.054082 
0.089308 2.054303 
0.089638 2.054748 
0.090123 2.055443 
0.090771 2.055270 
0.090550 2.056312 
0.090982 2.056500 
0.091175 2.056813 
0.091531 2.057321 
0.091970 2.057438 
0.092273 2.058237 
0.092621 2.058477 
0.092992 2.058797 
0.093164 2.059134 
0.093566 2.059680 
0.093794 2.059937 
0.094216 2.060382 
0.094339 2.061207 
0.094897 2.061171 
0.095061 2.061947 
0.095520 2.061996 
0.095670 2.062558 
0.095944 2.062792 
0.096488 2.063386 
0.096978 2.063413 
0.097127 2.063916 
0.097295 2.064319 
0.097991 2.064628 
0.097912 2.065198 
0.098599 2.065195 
0.098648 2.066137 
0.098980 2.066457 
0.099240 2.066678 
0.099431 2.067085 
0.099827 2.067407 
0.100362 2.068011 
0.100546 2.068195 
0.100754 2.068861 
0.101138 2.068859 
0.101339 2.069254 
0.101736 2.069574 
0.102108 2.069816 
0.102523 2.070130 
0.103041 2.070556 
0.103418 2.070946 
0.103568 2.071540 
0.103820 2.071938 
0.104062 2.072516 
0.104236 2.072975 
0.104549 2.073394 
0.105145 2.073774 
0.105277 2.074311 
0.105714 2.074586 
0.106065 2.074760 
0.106401 2.075322 
0.106637 2.075753 
0.107033 2.076366 
0.107202 2.076539 
0.107509 2.077349 
0.108205 2.077150 
0.108337 2.077858 
0.108430 2.078134 
0.109062 2.078626 
0.109347 2.079093 
0.109449 2.079420 
0.110137 2.079816 
0.110363 2.080105 
0.110991 2.080186 
0.110956 2.081104 
0.111342 2.081069 
0.111619 2.081929 
0.111929 2.082198 
0.112292 2.082542 
0.112476 2.082851 
0.112862 2.083353 
0.113052 2.083592 
0.113455 2.083952 
0.113843 2.084652 
0.114085 2.084661 
0.114256 2.085154 
0.114992 2.085324 
0.114911 2.086065 
0.115389 2.086183 
0.115627 2.087044 
0.116001 2.087254 
0.116329 2.087424 
0.116601 2.087813 
0.116990 2.088159 
0.117399 2.088450 
0.117559 2.089125 
0.118035 2.089737 
0.118300 2.090057 
0.118497 2.090243 
0.118999 2.090871 
0.119177 2.091187 
0.119408 2.091547 
0.119829 2.091870 
0.120124 2.092265 
0.120527 2.092593 
0.120994 2.093324 
0.121090 2.093550 
0.121743 2.093695 
0.122142 2.094150 
0.122506 2.094556 
0.122789 2.095041 
0.122947 2.095456 
0.123384 2.095684 
0.123535 2.096107 
0.123837 2.096386 
0.124133 2.096946 
0.124391 2.097507 
0.124686 2.098039 
0.125196 2.098028 
0.125258 2.098878 
0.125571 2.099082 
0.126082 2.099130 
0.126572 2.099557 
0.126780 2.099900 
0.126956 2.100000 
0.127243 2.100450 
0.127672 2.100856 
0.128118 2.101289 
0.128156 2.101875 
0.128300 2.102630 
0.128659 2.102917 
0.128975 2.103457 
0.129593 2.103487 
0.129878 2.103770 
0.129953 2.104451 
0.130402 2.104773 
0.130770 2.105096 
0.131042 2.105717 
0.131500 2.106089 
0.131864 2.106371 
0.132031 2.106730 
0.132397 2.107071 
0.132570 2.107607 
0.132981 2.107896 
0.133445 2.108492 
0.133651 2.108698 
0.133993 2.109129 
0.134267 2.109469 
0.134583 2.109854 
0.134922 2.110258 
0.135288 2.110598 
0.135662 2.110931 
0.136065 2.111276 
0.136599 2.111944 
0.136915 2.112220 
0.137056 2.112502 
0.137366 2.112955 
0.137743 2.113406 
0.138004 2.113733 
0.138397 2.114058 
0.138575 2.114528 
0.138840 2.115293 
0.139072 2.115562 
0.139873 2.115501 
0.139705 2.116282 
0.140400 2.116440 
0.140571 2.116915 
0.141297 2.117083 
0.141183 2.117539 
0.141439 2.118193 
0.141700 2.118628 
0.142060 2.119007 
0.142334 2.119132 
0.142830 2.119799 
0.143021 2.120145 
0.143527 2.120523 
0.143902 2.120838 
0.144136 2.121303 
0.144561 2.121499 
0.144986 2.121894 
0.145155 2.122450 
0.145575 2.122728 
0.145698 2.123416 
0.146032 2.123795 
0.146528 2.123922 
0.146879 2.124359 
0.147082 2.124797 
0.147372 2.125166 
0.147659 2.125492 
0.148016 2.126045 
0.148447 2.126632 
0.148633 2.126784 
0.149076 2.127497 
0.149384 2.127614 
0.149839 2.128004 
0.149841 2.128525 
0.150404 2.128604 
0.150526 2.129232 
0.151007 2.129347 
0.151178 2.129962 
0.151450 2.130490 
0.151870 2.130738 
0.152276 2.130846 
0.152396 2.131245 
0.152763 2.131893 
0.153103 2.132218 
0.153364 2.132637 
0.153607 2.132705 
0.153966 2.133026 
0.154331 2.133876 
0.154551 2.133972 
0.154860 2.134380 
0.155343 2.134939 
0.155615 2.135221 
0.155897 2.135661 
0.156274 2.135942 
0.156592 2.136324 
0.156927 2.136733 
0.157263 2.137171 
0.157695 2.137774 
0.158026 2.138095 
0.158292 2.138507 
0.158569 2.138768 
0.158866 2.139158 
0.159189 2.139550 
0.159531 2.139952 
0.159868 2.140325 
0.160188 2.140706 
0.160482 2.141117 
0.160834 2.141505 
0.161152 2.141917 
0.161481 2.142303 
0.161802 2.142711 
0.162159 2.143109 
0.162492 2.143551 
0.162832 2.143923 
0.163130 2.144345 
0.163454 2.144703 
0.163878 2.145377 
0.164131 2.145588 
0.164524 2.146176 
0.164707 2.146439 
0.164982 2.146703 
0.165295 2.147106 
0.165547 2.147380 
0.166055 2.148049 
0.166260 2.148255 
0.166605 2.148635 
0.166814 2.148991 
0.167159 2.149297 
0.167426 2.149738 
0.167784 2.150149 
0.168170 2.150669 
0.168407 2.150914 
0.168742 2.151337 
0.169080 2.151697 
0.169512 2.152268 
0.169828 2.152607 
0.170142 2.153100 
0.170421 2.153283 
0.170740 2.153709 
0.171074 2.154120 
0.171428 2.154506 
0.171744 2.154921 
0.172047 2.155305 
0.172390 2.155719 
0.172667 2.156165 
0.173064 2.156639 
0.173331 2.156912 
0.173839 2.157564 
0.174063 2.157826 
0.174401 2.158215 
0.174732 2.158413 
0.175005 2.158863 
0.175267 2.159249 
0.175673 2.159559 
0.176101 2.160228 
0.176404 2.160597 
0.176669 2.160856 
0.177031 2.161294 
0.177148 2.161742 
0.177267 2.162142 
0.177748 2.162548 
0.177997 2.162734 
0.178388 2.163000 
0.178735 2.163350 
0.179094 2.163714 
0.179463 2.164404 
0.179622 2.164619 
0.180107 2.165375 
0.180497 2.165396 
0.180863 2.165768 
0.181222 2.166163 
0.181600 2.166398 
0.181711 2.167131 
0.181927 2.167448 
0.182353 2.168073 
0.182984 2.168104 
0.183003 2.168822 
0.183262 2.169043 
0.183688 2.169544 
0.184025 2.169780 
0.184283 2.170278 
0.184727 2.170852 
0.184904 2.171092 
0.185343 2.171516 
0.185560 2.171863 
0.185946 2.172334 
0.186252 2.172578 
0.186696 2.173289 
0.186893 2.173396 
0.187189 2.173805 
0.187546 2.174219 
0.187840 2.174644 
0.188208 2.175045 
0.188554 2.175408 
0.188822 2.175850 
0.189289 2.176380 
0.189551 2.176706 
0.189839 2.177091 
0.190133 2.177332 
0.190566 2.177949 
0.190855 2.178288 
0.191123 2.178684 
0.191225 2.178902 
0.191661 2.179055 
0.192005 2.179529 
0.192258 2.180048 
0.192496 2.180340 
0.193263 2.180628 
0.193136 2.181223 
0.193709 2.181338 
0.193980 2.182190 
0.194164 2.182328 
0.194678 2.182912 
0.194817 2.183179 
0.195319 2.183763 
0.195550 2.183862 
0.195980 2.184605 
0.196087 2.184818 
0.196594 2.185519 
0.196783 2.185636 
0.197254 2.186008 
0.197395 2.186367 
0.197855 2.186983 
0.198161 2.187410 
0.198573 2.187681 
0.198831 2.187965 
0.199147 2.188394 
0.199411 2.188780 
0.199830 2.189181 
0.200094 2.189596 
0.200489 2.190089 
0.200688 2.190209 
0.201131 2.190861 
0.201402 2.191113 
0.201621 2.191535 
0.201940 2.191777 
0.202258 2.192175 
0.202712 2.192874 
0.203088 2.193172 
0.203349 2.193622 
0.203645 2.193983 
0.203855 2.193983 
0.204240 2.194533 
0.204589 2.194940 
0.204844 2.195273 
0.205037 2.195709 
0.205357 2.195904 
0.205668 2.196403 
0.206153 2.197051 
0.206515 2.197427 
0.206860 2.197640 
0.207004 2.197949 
0.207419 2.198232 
0.207769 2.198915 
0.208141 2.199358 
0.208354 2.199539 
0.208783 2.200130 
0.209103 2.200740 
0.209524 2.200926 
0.209766 2.201382 
0.209990 2.201765 
0.210407 2.201970 
0.210676 2.202393 
0.211333 2.202764 
0.211265 2.203368 
0.211859 2.203426 
0.212130 2.204294 
0.212351 2.204421 
0.212756 2.205163 
0.212944 2.205389 
0.213416 2.205730 
0.213882 2.206247 
0.214130 2.206649 
0.214304 2.207031 
0.214637 2.207195 
0.214982 2.207744 
0.215338 2.208191 
0.215558 2.208518 
0.215831 2.208767 
0.216160 2.209107 
0.216466 2.209488 
0.216747 2.209897 
0.217166 2.210469 
0.217540 2.210878 
0.217821 2.211057 
0.218032 2.211379 
0.218376 2.211731 
0.218793 2.212398 
0.219009 2.212576 
0.219331 2.212984 
0.219647 2.213338 
0.219960 2.213788 
0.220301 2.214159 
0.220637 2.214551 
0.220985 2.214944 
0.221288 2.215343 
0.221602 2.215730 
0.221948 2.216109 
0.222288 2.216482 
0.222604 2.216880 
0.222930 2.217284 
0.223244 2.217672 
0.223553 2.218065 
0.223879 2.218469 
0.224199 2.218864 
0.224541 2.219217 
0.224849 2.219627 
0.225182 2.220036 
0.225515 2.220432 
0.225828 2.220820 
0.226134 2.221340 
0.226478 2.221600 
0.226743 2.222120 
0.227245 2.222733 
0.227422 2.222942 
0.227797 2.223319 
0.228047 2.223704 
0.228358 2.223940 
0.228667 2.224441 
0.229097 2.224938 
0.229328 2.225207 
0.229556 2.225556 
0.229832 2.225771 
0.230182 2.226347 
0.230432 2.226577 
0.230762 2.226961 
0.231047 2.227320 
0.231440 2.227737 
0.231751 2.228127 
0.232079 2.228529 
0.232409 2.228912 
0.232706 2.229289 
0.233060 2.229689 
0.233455 2.230090 
0.233778 2.230497 
0.234124 2.230906 
0.234467 2.231306 
0.234806 2.231741 
0.235123 2.232170 
0.235471 2.232564 
0.235786 2.232995 
0.236114 2.233381 
0.236430 2.233766 
0.236785 2.234167 
0.237134 2.234542 
0.237424 2.235064 
0.237661 2.235450 
0.238084 2.236109 
0.238523 2.236319 
0.238785 2.236735 
0.239125 2.237031 
0.239376 2.237399 
0.239639 2.237892 
0.240079 2.238161 
0.240494 2.238876 
0.240648 2.239190 
0.241013 2.239224 
0.241253 2.239820 
0.241601 2.240429 
0.242106 2.240637 
0.242378 2.241090 
0.242686 2.241529 
0.242935 2.241761 
0.243153 2.242215 
0.243472 2.242335 
0.243727 2.242820 
0.244082 2.243205 
0.244567 2.243807 
0.244739 2.244069 
0.245169 2.244535 
0.245413 2.244879 
0.245731 2.245139 
0.246069 2.245652 
0.246531 2.246188 
0.246838 2.246676 
0.247169 2.246858 
0.247410 2.247268 
0.247812 2.247830 
0.248061 2.248185 
0.248274 2.248397 
0.248740 2.248915 
0.249053 2.249411 
0.249326 2.249476 
0.249792 2.250146 
0.249981 2.250309 
0.250270 2.250710 
0.250601 2.251093 
0.250943 2.251508 
0.251249 2.251937 
0.251582 2.252300 
0.251937 2.252669 
0.252242 2.253068 
0.252578 2.253443 
0.252896 2.253841 
0.253190 2.254236 
0.253506 2.254605 
0.253818 2.254993 
0.254110 2.255375 
0.254433 2.255737 
0.254744 2.256097 
0.255062 2.256494 
0.255326 2.256816 
0.255608 2.257162 
0.255912 2.257546 
0.256229 2.257914 
0.256552 2.258305 
0.256851 2.258665 
0.257205 2.259096 
0.257523 2.259492 
0.257859 2.259883 
0.258120 2.260380 
0.258586 2.260971 
0.258840 2.261353 
0.259346 2.261853 
0.259621 2.262271 
0.259870 2.262333 
0.260200 2.262809 
0.260600 2.263496 
0.261023 2.263893 
0.261211 2.264167 
0.261466 2.264513 
0.261833 2.264839 
0.262128 2.265217 
0.262446 2.265768 
0.262790 2.265981 
0.263272 2.266510 
0.263534 2.266958 
0.263828 2.267260 
0.264120 2.267657 
0.264419 2.267970 
0.264778 2.268379 
0.265069 2.268809 
0.265449 2.269211 
0.265807 2.269593 
0.266125 2.269976 
0.266430 2.270372 
0.266735 2.270738 
0.267047 2.271113 
0.267365 2.271495 
0.267679 2.271882 
0.267972 2.272261 
0.268299 2.272618 
0.268588 2.272988 
0.268906 2.273371 
0.269206 2.273775 
0.269657 2.274492 
0.269959 2.274693 
0.270259 2.275220 
0.270518 2.275594 
0.270962 2.276029 
0.271230 2.276454 
0.271556 2.276628 
0.271818 2.276936 
0.272175 2.277626 
0.272468 2.277731 
0.272738 2.278198 
0.273135 2.278473 
0.273668 2.279096 
0.273925 2.279504 
0.274470 2.279728 
0.274702 2.280210 
0.274824 2.280776 
0.275053 2.281138 
0.275641 2.281435 
0.275917 2.281930 
0.276082 2.282075 
0.276322 2.282609 
0.276858 2.283289 
0.277098 2.283579 
0.277388 2.283964 
0.277783 2.284455 
0.278140 2.284823 
0.278289 2.284911 
0.278628 2.285297 
0.278876 2.285716 
0.279341 2.286310 
0.279680 2.286730 
0.279962 2.287078 
0.280266 2.287538 
0.280668 2.287743 
0.280802 2.288080 
0.281042 2.288323 
0.281341 2.288680 
0.281679 2.289162 
0.282115 2.289652 
0.282394 2.290127 
0.282788 2.290374 
0.283028 2.290786 
0.283453 2.291288 
0.283794 2.291690 
0.284064 2.292114 
0.284275 2.292159 
0.284624 2.292597 
0.285093 2.293311 
0.285323 2.293704 
0.285697 2.294235 
0.285944 2.294269 
0.286376 2.294918 
0.286543 2.295201 
0.287049 2.295854 
0.287162 2.296060 
0.287845 2.296278 
0.288158 2.296727 
0.288352 2.297238 
0.288565 2.297421 
0.288810 2.297934 
0.289302 2.298498 
0.289659 2.298989 
0.289933 2.298976 
0.290214 2.299385 
0.290493 2.299936 
0.290910 2.300496 
0.291453 2.300676 
0.291471 2.301209 
0.291907 2.301622 
0.292276 2.301866 
0.292452 2.302323 
0.292916 2.302890 
0.293102 2.302993 
0.293483 2.303518 
0.293859 2.303910 
0.294204 2.304291 
0.294308 2.304553 
0.294740 2.305171 
0.294792 2.305496 
0.295412 2.305556 
0.295845 2.306202 
0.295985 2.306762 
0.296319 2.306987 
0.296650 2.307277 
0.296833 2.307632 
0.297426 2.307955 
0.297541 2.308574 
0.297919 2.308964 
0.298170 2.309301 
0.298553 2.309821 
0.299034 2.310290 
0.299393 2.310502 
0.299545 2.310847 
0.299900 2.311186 
0.300376 2.311830 
0.300535 2.312275 
0.300994 2.312553 
0.301226 2.312805 
0.301502 2.313221 
0.301840 2.313580 
0.302373 2.313972 
0.302688 2.314481 
0.303120 2.314961 
0.303056 2.315497 
0.303490 2.315482 
0.303707 2.316043 
0.304178 2.316385 
0.304625 2.316893 
0.304831 2.317037 
0.305131 2.317626 
0.305335 2.317817 
0.305607 2.318315 
0.306053 2.319009 
0.306451 2.319374 
0.306564 2.319597 
0.306876 2.320155 
0.307198 2.320270 
0.307510 2.320475 
0.307762 2.320950 
0.308214 2.321512 
0.308447 2.321672 
0.308857 2.322269 
0.309138 2.322542 
0.309568 2.323284 
0.309982 2.323400 
0.310363 2.323616 
0.310681 2.324138 
0.310949 2.324669 
0.311143 2.325181 
0.311461 2.325239 
0.311827 2.325872 
0.312031 2.326173 
0.312395 2.326532 
0.312708 2.326965 
0.313173 2.327468 
0.313433 2.327872 
0.313756 2.328080 
0.314071 2.328604 
0.314351 2.328939 
0.314670 2.329350 
0.315006 2.329710 
0.315506 2.330403 
0.315770 2.330879 
0.316259 2.331092 
0.316515 2.331562 
0.316948 2.331871 
0.317146 2.331978 
0.317314 2.332613 
0.317786 2.333139 
0.317937 2.333408 
0.318308 2.333927 
0.318570 2.334221 
0.319148 2.334423 
0.319476 2.334870 
0.319630 2.335198 
0.319755 2.335637 
0.320182 2.335815 
0.320423 2.336270 
0.320778 2.336841 
0.321129 2.337400 
0.321513 2.337335 
0.321988 2.337888 
0.322070 2.338483 
0.322237 2.338812 
0.322818 2.339118 
0.322939 2.339545 
0.323323 2.339895 
0.323781 2.340485 
0.324153 2.340956 
0.324519 2.341238 
0.324717 2.341375 
0.324972 2.341984 
0.325494 2.342529 
0.325908 2.342813 
0.326163 2.343208 
0.326332 2.343487 
0.326710 2.343752 
0.326987 2.344197 
0.327423 2.344826 
0.327710 2.345092 
0.328007 2.345467 
0.328271 2.345790 
0.328594 2.346182 
0.328946 2.346493 
0.329428 2.347160 
0.329614 2.347281 
0.329856 2.347722 
0.330146 2.348197 
0.330541 2.348689 
0.330861 2.349055 
0.331175 2.349302 
0.331439 2.349748 
0.331755 2.350071 
0.332106 2.350553 
0.332546 2.351070 
0.332786 2.351467 
0.333136 2.351655 
0.333318 2.351997 
0.333614 2.352297 
0.333928 2.352730 
0.334196 2.353078 
0.334592 2.353478 
0.334888 2.353869 
0.335220 2.354281 
0.335564 2.354663 
0.335868 2.355048 
0.336213 2.355444 
0.336570 2.355872 
0.336911 2.356258 
0.337249 2.356663 
0.337579 2.357077 
0.337913 2.357487 
0.338263 2.357894 
0.338594 2.358321 
0.338946 2.358741 
0.339270 2.359116 
0.339594 2.359507 
0.339934 2.359926 
0.340264 2.360325 
0.340587 2.360715 
0.340835 2.361194 
0.341337 2.361839 
0.341574 2.362162 
0.341906 2.362374 
0.342311 2.363070 
0.342713 2.363446 
0.342998 2.363681 
0.343260 2.364283 
0.343370 2.364509 
0.343734 2.364806 
0.344041 2.365185 
0.344383 2.365524 
0.344850 2.366101 
0.345023 2.366268 
0.345393 2.366744 
0.345641 2.367007 
0.345950 2.367369 
0.346427 2.368027 
0.346586 2.368134 
0.346853 2.368591 
0.347237 2.368925 
0.347595 2.369324 
0.347929 2.369687 
0.348262 2.370067 
0.348588 2.370455 
0.348926 2.370861 
0.349261 2.371267 
0.349588 2.371655 
0.349927 2.372044 
0.350247 2.372439 
0.350560 2.372826 
0.350883 2.373234 
0.351191 2.373627 
0.351518 2.374030 
0.351862 2.374429 
0.352236 2.375098 
0.352549 2.375547 
0.352891 2.375609 
0.353164 2.375952 
0.353366 2.376485 
0.353829 2.377083 
0.354107 2.377172 
0.354389 2.377643 
0.354854 2.378330 
0.355064 2.378408 
0.355427 2.378937 
0.355694 2.379348 
0.355997 2.379563 
0.356328 2.379946 
0.356651 2.380322 
0.356957 2.380718 
0.357279 2.381095 
0.357605 2.381468 
0.357926 2.381831 
0.358260 2.382194 
0.358563 2.382518 
0.358852 2.382888 
0.359156 2.383286 
0.359484 2.383656 
0.359796 2.384046 
0.360094 2.384420 
0.360439 2.384832 
0.360765 2.385220 
0.361097 2.385617 
0.361405 2.386026 
0.361671 2.386454 
0.362167 2.387119 
0.362414 2.387507 
0.362860 2.387802 
0.363085 2.388124 
0.363501 2.388668 
0.363849 2.389031 
0.364145 2.389531 
0.364567 2.390023 
0.364762 2.390163 
0.365059 2.390553 
0.365480 2.391169 
0.365843 2.391668 
0.366152 2.391692 
0.366484 2.392364 
0.366854 2.392778 
0.367112 2.393137 
0.367458 2.393318 
0.367736 2.393963 
0.368156 2.394425 
0.368365 2.394765 
0.368706 2.394921 
0.369037 2.395395 
0.369321 2.395709 
0.369795 2.396186 
0.370044 2.396757 
0.370284 2.396969 
0.370664 2.397339 
0.370892 2.397673 
0.371279 2.398144 
0.371508 2.398353 
0.371842 2.398855 
0.372322 2.399432 
0.372520 2.399602 
0.372833 2.400006 
0.373131 2.400303 
0.373482 2.400738 
0.373813 2.401090 
0.374133 2.401485 
0.374467 2.401863 
0.374784 2.402262 
0.375119 2.402670 
0.375435 2.403056 
0.375780 2.403483 
0.376091 2.403857 
0.376407 2.404243 
0.376732 2.404647 
0.377064 2.405028 
0.377396 2.405455 
0.377690 2.405895 
0.377964 2.406345 
0.378290 2.406673 
0.378671 2.407118 
0.378980 2.407681 
0.379199 2.407993 
0.379902 2.408295 
0.380137 2.408928 
0.380194 2.409276 
0.380709 2.409829 
0.381128 2.409907 
0.381341 2.410397 
0.381595 2.410716 
0.381952 2.411083 
0.382134 2.411455 
0.382479 2.412036 
0.382774 2.412183 
0.383266 2.412424 
0.383361 2.412944 
0.383747 2.413430 
0.384210 2.413843 
0.384350 2.414111 
0.384754 2.414485 
0.384939 2.414776 
0.385255 2.415313 
0.385551 2.415476 
0.385850 2.416003 
0.386141 2.416279 
0.386680 2.416756 
0.386936 2.417179 
0.387238 2.417457 
0.387544 2.417824 
0.387893 2.418215 
0.388254 2.418655 
0.388598 2.419037 
0.388923 2.419457 
0.389273 2.419864 
0.389598 2.420284 
0.389955 2.420666 
0.390277 2.421105 
0.390615 2.421495 
0.390922 2.421859 
0.391233 2.422281 
0.391577 2.422679 
0.391898 2.423088 
0.392195 2.423479 
0.392559 2.424207 
0.392894 2.424661 
0.393032 2.424839 
0.393476 2.425090 
0.393720 2.425603 
0.394166 2.426143 
0.394566 2.426677 
0.394827 2.426756 
0.395232 2.427467 
0.395439 2.427702 
0.395750 2.427830 
0.396103 2.428403 
0.396465 2.428902 
0.396696 2.429095 
0.397009 2.429574 
0.397257 2.429808 
0.397623 2.430194 
0.397902 2.430593 
0.398208 2.430957 
0.398553 2.431354 
0.398869 2.431753 
0.399219 2.432144 
0.399535 2.432529 
0.399850 2.432930 
0.400166 2.433330 
0.400490 2.433720 
0.400836 2.434115 
0.401179 2.434485 
0.401505 2.434919 
0.401813 2.435313 
0.402142 2.435682 
0.402447 2.436125 
0.402786 2.436498 
0.403059 2.436995 
0.403345 2.437459 
0.403709 2.437787 
0.404077 2.438143 
0.404424 2.438537 
0.404757 2.438932 
0.405086 2.439301 
0.405385 2.439722 
0.405740 2.440122 
0.406046 2.440534 
0.406368 2.440911 
0.406788 2.441559 
0.407082 2.442015 
0.407422 2.442264 
0.407652 2.442794 
0.407952 2.442828 
0.408200 2.443307 
0.408671 2.443956 
0.408778 2.444109 
0.409256 2.444303 
0.409571 2.444952 
0.409823 2.445116 
0.410102 2.445683 
0.410463 2.446092 
0.410711 2.446203 
0.410949 2.446601 
0.411398 2.447214 
0.411605 2.447404 
0.412090 2.447990 
0.412379 2.448267 
0.412694 2.448776 
0.412778 2.449248 
0.413403 2.449302 
0.413817 2.450003 
0.414039 2.450528 
0.414506 2.450551 
0.414711 2.451157 
0.415036 2.451531 
0.415367 2.451790 
0.415563 2.452268 
0.415937 2.452633 
0.416370 2.453249 
0.416604 2.453576 
0.416938 2.453815 
0.417216 2.454214 
0.417562 2.454593 
0.417995 2.455180 
0.418211 2.455513 
0.418629 2.456083 
0.418859 2.456169 
0.419242 2.456705 
0.419462 2.457094 
0.419895 2.457743 
0.420075 2.457931 
0.420549 2.458255 
0.421031 2.458798 
0.421094 2.459250 
0.421414 2.459721 
0.421982 2.459856 
0.422135 2.460078 
0.422462 2.460742 
0.422843 2.461188 
0.423142 2.461486 
0.423302 2.461575 
0.423752 2.462140 
0.423945 2.462408 
0.424238 2.462835 
0.424612 2.463213 
0.424828 2.463622 
0.425253 2.463957 
0.425432 2.464332 
0.425785 2.465026 
0.426460 2.465129 
0.426385 2.465726 
0.426914 2.465845 
0.427365 2.466380 
0.427541 2.466852 
0.427724 2.467267 
0.428248 2.467501 
0.428706 2.468258 
0.428756 2.468738 
0.429498 2.468763 
0.429695 2.469255 
0.430062 2.469519 
0.430393 2.470040 
0.430638 2.470461 
0.430861 2.470938 
0.431131 2.471054 
0.431585 2.471785 
0.431915 2.472107 
0.432136 2.472480 
0.432417 2.472673 
0.432720 2.473058 
0.433169 2.473641 
0.433453 2.474047 
0.433767 2.474479 
0.434018 2.474602 
0.434437 2.475344 
0.434617 2.475440 
0.435059 2.475876 
0.435325 2.476089 
0.435617 2.476533 
0.435857 2.476852 
0.436248 2.477519 
0.436789 2.477671 
0.436861 2.478310 
0.437352 2.478258 
0.437543 2.478867 
0.437926 2.479464 
0.438201 2.479466 
0.438497 2.479858 
0.438818 2.480345 
0.439206 2.480799 
0.439521 2.481124 
0.439851 2.481537 
0.440164 2.481864 
0.440511 2.482273 
0.440854 2.482641 
0.441212 2.483023 
0.441576 2.483414 
0.441918 2.483814 
0.442264 2.484208 
0.442564 2.484581 
0.442899 2.484944 
0.443269 2.485356 
0.443587 2.485754 
0.443917 2.486138 
0.444243 2.486512 
0.444609 2.486914 
0.444932 2.487320 
0.445260 2.487708 
0.445718 2.488357 
0.446102 2.488661 
0.446392 2.489137 
0.446735 2.489597 
0.446965 2.489698 
0.447392 2.490198 
0.447609 2.490406 
0.447925 2.490791 
0.448257 2.491111 
0.448583 2.491470 
0.448884 2.491824 
0.449197 2.492166 
0.449524 2.492491 
0.449856 2.492856 
0.450155 2.493215 
0.450498 2.493584 
0.450845 2.493948 
0.451212 2.494335 
0.451543 2.494701 
0.451890 2.495064 
0.452359 2.495546 
0.453513 2.495120 
0.453289 2.495920 
0.453015 2.496842 
0.453082 2.497578 
0.453770 2.497696 
0.454332 2.497763 
0.454697 2.498059 
0.454929 2.498542 
0.455598 2.498589 
0.455698 2.499213 
0.456022 2.499726 
0.456532 2.499960 
0.456942 2.500481 
0.457100 2.500619 
0.457389 2.501081 
0.457891 2.501603 
0.458284 2.501989 
0.458581 2.502365 
0.458831 2.502426 
0.459390 2.502942 
0.459581 2.503089 
0.459906 2.503509 
0.460364 2.504035 
0.460735 2.504278 
0.460998 2.504694 
0.461309 2.504977 
0.461662 2.505302 
0.461981 2.505575 
0.462377 2.505928 
0.462777 2.506382 
0.463003 2.506580 
0.463326 2.506911 
0.463686 2.507213 
0.464027 2.507599 
0.464348 2.507962 
0.464923 2.508397 
0.465119 2.508598 
0.465593 2.509090 
0.466034 2.509344 
0.466191 2.509960 
0.466718 2.509914 
0.467142 2.510141 
0.467671 2.510646 
0.468010 2.511080 
0.468340 2.511525 
0.468699 2.511997 
0.469026 2.512309 
0.469494 2.512667 
0.469647 2.512950 
0.470253 2.513411 
0.470521 2.513560 
0.471057 2.513933 
0.471529 2.514166 
0.471736 2.514786 
0.472265 2.514859 
0.472491 2.515287 
0.472852 2.515588 
0.473331 2.515875 
0.473566 2.516200 
0.474088 2.516467 
0.474407 2.517032 
0.474862 2.516992 
0.475177 2.517685 
0.475792 2.517687 
0.475974 2.518260 
0.476286 2.518418 
0.476661 2.518673 
0.477043 2.518979 
0.477446 2.519294 
0.477709 2.519524 
0.478292 2.519996 
0.478588 2.520280 
0.478894 2.520507 
0.479211 2.520783 
0.479615 2.521065 
0.480031 2.521379 
0.480531 2.521779 
0.480858 2.522304 
0.481133 2.522675 
0.481403 2.523222 
0.481537 2.523479 
0.481875 2.523947 
0.482183 2.524294 
0.482524 2.524726 
0.482785 2.525174 
0.483095 2.525535 
0.483471 2.525911 
0.483955 2.526069 
0.486516 2.524181 
0.485472 2.526001 
0.486596 2.525532 
0.486749 2.525954 
0.486922 2.526461 
0.487235 2.527048 
0.487599 2.527238 
0.488093 2.527429 
0.488848 2.527716 
0.489255 2.528024 
0.489335 2.528284 
0.489807 2.528518 
0.490219 2.528806 
0.490629 2.529110 
0.491233 2.529372 
0.491609 2.529749 
0.491971 2.529848 
0.492229 2.530378 
0.492696 2.530417 
0.493327 2.530787 
0.493623 2.530979 
0.493814 2.531418 
0.494320 2.531748 
0.494821 2.531701 
0.495138 2.532022 
0.495517 2.532180 
0.495939 2.532532 
0.496515 2.532968 
0.496812 2.533018 
0.497188 2.533457 
0.497851 2.533557 
0.498267 2.533887 
0.498661 2.534120 
0.499146 2.534567 
0.499535 2.534681 
0.499927 2.534838 
0.500485 2.535187 
0.500883 2.535506 
0.501291 2.535875 
0.501757 2.536023 
0.502274 2.536295 
0.502659 2.536675 
0.502974 2.537077 
0.503736 2.537138 
0.503758 2.537544 
0.504610 2.537685 
0.504814 2.538109 
0.505415 2.537991 
0.505810 2.538298 
0.506354 2.538647 
0.506845 2.538811 
0.507248 2.539324 
0.507614 2.539420 
0.508059 2.539807 
0.508389 2.540252 
0.509069 2.540181 
0.509167 2.540604 
0.510060 2.540636 
0.510245 2.541067 
0.510932 2.541017 
0.511232 2.541174 
0.511869 2.541444 
0.512251 2.541567 
0.512470 2.542296 
0.513083 2.542410 
0.513203 2.542545 
0.513823 2.542667 
0.514241 2.542887 
0.514687 2.543380 
0.515766 2.543166 
0.516146 2.543444 
0.516317 2.543905 
0.516778 2.543859 
0.517495 2.544173 
0.517711 2.544428 
0.518045 2.545007 
0.518602 2.544848 
0.518961 2.545151 
0.519471 2.545294 
0.520276 2.545492 
0.520593 2.545752 
0.520820 2.546178 
0.521508 2.546050 
0.522074 2.546328 
0.522488 2.546505 
0.522920 2.547138 
0.523528 2.547197 
0.523767 2.547287 
0.524701 2.547486 
0.524783 2.547683 
0.525481 2.547866 
0.526108 2.548026 
0.526488 2.548197 
0.526985 2.548400 
0.527344 2.548595 
0.527765 2.548748 
0.528486 2.549029 
0.528613 2.549482 
0.529602 2.549048 
0.530001 2.549412 
0.530257 2.549759 
0.530632 2.549858 
0.530976 2.550056 
0.531716 2.550297 
0.531972 2.550276 
0.532642 2.550739 
0.532953 2.550697 
0.533454 2.550989 
0.534334 2.551114 
0.534417 2.551418 
0.534942 2.551479 
0.535388 2.551757 
0.535904 2.551878 
0.536740 2.552039 
0.537423 2.552271 
0.537632 2.552351 
0.538104 2.552582 
0.538418 2.552985 
0.539348 2.553081 
0.539951 2.553022 
0.540751 2.553133 
0.540941 2.553481 
0.541424 2.553500 
0.541932 2.553645 
0.542450 2.554007 
0.543044 2.554189 
0.543690 2.554219 
0.544217 2.554434 
0.544946 2.554396 
0.545254 2.554590 
0.545526 2.554903 
0.546037 2.555044 
0.546554 2.555193 
0.547107 2.555439 
0.547527 2.555717 
0.548357 2.555715 
0.548670 2.555873 
0.549270 2.555909 
0.549764 2.556070 
0.550474 2.556347 
0.551069 2.556390 
0.551796 2.556385 
0.552035 2.556751 
0.552367 2.556964 
0.553027 2.557115 
0.554019 2.556616 
0.554110 2.557185 
0.555263 2.556714 
0.555433 2.557239 
0.555700 2.557650 
0.556149 2.557695 
0.556706 2.557967 
0.557509 2.557781 
0.558158 2.557821 
0.558507 2.558029 
0.559050 2.558364 
0.560152 2.557843 
0.560504 2.558340 
0.561002 2.558449 
0.561476 2.558480 
0.562077 2.558561 
0.563043 2.558694 
0.563364 2.558657 
0.563959 2.558699 
0.564452 2.558923 
0.564979 2.559076 
0.565801 2.558883 
0.566300 2.559269 
0.566807 2.559661 
0.567075 2.560148 
0.568258 2.559425 
0.568401 2.560089 
0.569461 2.559557 
0.569695 2.559960 
0.570269 2.560181 
0.570598 2.560167 
0.571411 2.560215 
0.571973 2.560266 
0.572424 2.560308 
0.573234 2.560284 
0.573652 2.560364 
0.574716 2.559765 
0.575229 2.560058 
0.575573 2.560409 
0.575913 2.560613 
0.576340 2.560944 
0.577229 2.560657 
0.578103 2.560496 
0.577896 2.561524 
0.578567 2.561615 
0.579910 2.560953 
0.579723 2.561771 
0.581482 2.560452 
0.582095 2.560598 
0.582377 2.560976 
0.583014 2.561108 
0.583506 2.561102 
0.583930 2.561343 
0.584459 2.561525 
0.585065 2.561663 
0.585869 2.561491 
0.586449 2.561798 
0.587230 2.561669 
0.587521 2.561868 
0.588352 2.561849 
0.589123 2.561763 
0.589582 2.561780 
0.590311 2.561973 
0.590726 2.562119 
0.591186 2.562535 
0.591914 2.562375 
0.592233 2.562758 
0.592891 2.562649 
0.593367 2.562861 
0.594331 2.562734 
0.594647 2.562903 
0.595135 2.563271 
0.595689 2.563423 
0.596131 2.563675 
0.596847 2.563637 
0.597273 2.563910 
0.597734 2.563755 
0.598065 2.564075 
0.598697 2.564075 
0.599372 2.563993 
0.599738 2.564273 
0.600665 2.564002 
0.601246 2.564046 
0.602576 2.563661 
0.604114 2.562522 
0.603839 2.563445 
0.605527 2.562393 
0.605295 2.563449 
0.606003 2.563391 
0.606716 2.563156 
0.607114 2.563476 
0.607292 2.564038 
0.607519 2.564557 
0.608083 2.564697 
0.608980 2.564434 
0.610044 2.564003 
0.610455 2.564323 
0.610978 2.564481 
0.612729 2.563401 
0.614166 2.562583 
0.614859 2.562479 
0.615490 2.562510 
0.615943 2.562566 
0.616447 2.562699 
0.616948 2.562897 
0.617444 2.563088 
0.618225 2.562943 
0.619321 2.562708 
0.620015 2.562419 
0.621164 2.561781 
0.622462 2.561372 
0.623036 2.561438 
0.623591 2.561266 
0.624154 2.561300 
0.625555 2.560861 
0.626079 2.560956 
0.626523 2.560776 
0.627945 2.560158 
0.627899 2.560535 
0.629103 2.560220 
0.629481 2.560224 
0.630126 2.560238 
0.631626 2.559376 
0.632132 2.559491 
0.633015 2.559582 
0.633327 2.559632 
0.634408 2.559153 
0.634612 2.559653 
0.635124 2.559901 
0.636033 2.559668 
0.637726 2.565033 
0.638078 2.564707 
0.638630 2.564277 
0.639309 2.564004 
0.639058 2.563671 
0.639360 2.563304 
0.639720 2.562923 
0.640260 2.562685 
0.640704 2.562413 
0.641477 2.562299 
0.642067 2.562089 
0.642990 2.562066 
0.643301 2.561691 
0.643891 2.561506 
0.644421 2.561261 
0.644743 2.560916 
0.646145 2.560848 
0.646699 2.560908 
0.648326 2.561008 
0.648659 2.560868 
0.648897 2.560463 
0.649335 2.560140 
0.649739 2.559776 
0.650875 2.559470 
0.651369 2.559552 
0.651702 2.559145 
0.652491 2.558705 
0.652893 2.558616 
0.653596 2.558218 
0.654336 2.558121 
0.655074 2.557929 
0.655490 2.557709 
0.656374 2.557441 
0.656711 2.557245 
0.657307 2.556865 
0.657982 2.556682 
0.658935 2.556618 
0.660364 2.556880 
0.661184 2.556620 
0.661117 2.556360 
0.661977 2.556113 
0.662659 2.556144 
0.663128 2.555654 
0.663189 2.555039 
0.663407 2.554819 
0.663898 2.554574 
0.664539 2.554395 
0.665241 2.553961 
0.665741 2.553966 
0.666479 2.553670 
0.667870 2.553875 
0.668105 2.553641 
0.668343 2.553155 
0.668646 2.552916 
0.669441 2.552665 
0.669988 2.552453 
0.670389 2.552249 
0.671233 2.551957 
0.671675 2.551788 
0.672488 2.551489 
0.673230 2.551556 
0.673848 2.551050 
0.674049 2.550889 
0.674782 2.550717 
0.675386 2.550458 
0.675975 2.550237 
0.676691 2.549834 
0.677339 2.549509 
0.677748 2.549239 
0.678155 2.549072 
0.678956 2.548755 
0.679376 2.548561 
0.680158 2.548292 
0.680577 2.548132 
0.681214 2.547729 
0.681567 2.547508 
0.682308 2.547203 
0.682702 2.547016 
0.683134 2.546714 
0.683703 2.546446 
0.684486 2.546153 
0.684872 2.545917 
0.685572 2.545586 
0.685959 2.545327 
0.686704 2.544999 
0.687053 2.544810 
0.687721 2.544474 
0.688059 2.544266 
0.688686 2.543963 
0.689034 2.543738 
0.689717 2.543444 
0.690087 2.543221 
0.690760 2.542921 
0.691037 2.542748 
0.691298 2.542391 
0.692151 2.542128 
0.692472 2.541922 
0.693156 2.541583 
0.693511 2.541351 
0.694192 2.540986 
0.694703 2.540741 
0.695049 2.540319 
0.695208 2.540065 
0.696165 2.539768 
0.696439 2.539548 
0.697115 2.539180 
0.697472 2.538926 
0.697866 2.538637 
0.698853 2.538405 
0.699091 2.538175 
0.699731 2.537750 
0.700176 2.537363 
0.701014 2.537555 
0.701444 2.536961 
0.701278 2.536550 
0.702406 2.536471 
0.702650 2.536164 
0.703562 2.536179 
0.704113 2.535586 
0.703899 2.535146 
0.704726 2.534903 
0.704838 2.534609 
0.705466 2.534178 
0.705678 2.533676 
0.706585 2.533700 
0.706804 2.533213 
0.707256 2.532946 
0.707453 2.532679 
0.708155 2.532373 
0.708699 2.531963 
0.709161 2.531678 
0.709301 2.531528 
0.709461 2.531065 
0.710117 2.530895 
0.710734 2.530424 
0.710908 2.530165 
0.711088 2.529866 
0.711684 2.529555 
0.712464 2.529121 
0.712599 2.528875 
0.712640 2.528482 
0.713568 2.528041 
0.713837 2.527783 
0.714615 2.527475 
0.714841 2.527017 
0.715314 2.526726 
0.715620 2.526315 
0.715745 2.525855 
0.716895 2.525766 
0.716675 2.525231 
0.717488 2.525094 
0.717552 2.524436 
0.718050 2.524044 
0.718264 2.523927 
0.719004 2.523562 
0.719460 2.523261 
0.719887 2.523061 
0.720311 2.522742 
0.720664 2.522370 
0.721231 2.522089 
0.721497 2.521677 
0.722028 2.521178 
0.722309 2.520914 
0.722669 2.520591 
0.723107 2.520234 
0.723465 2.519900 
0.723863 2.519554 
0.724253 2.519239 
0.724559 2.518886 
0.724883 2.518507 
0.725424 2.518071 
0.725873 2.517732 
0.726103 2.517520 
0.726367 2.517176 
0.726738 2.516838 
0.727123 2.516496 
0.727441 2.516092 
0.727836 2.515721 
0.728238 2.515366 
0.728516 2.514938 
0.728747 2.514505 
0.729193 2.514025 
0.729870 2.513798 
0.730413 2.513410 
0.730545 2.513082 
0.731196 2.512722 
0.731461 2.512565 
0.731810 2.512237 
0.732244 2.511924 
0.732614 2.511562 
0.732947 2.511177 
0.733286 2.510774 
0.733598 2.510377 
0.733920 2.509999 
0.734284 2.509633 
0.734611 2.509268 
0.735012 2.508901 
0.735339 2.508513 
0.735716 2.508144 
0.736068 2.507770 
0.736392 2.507404 
0.736736 2.507039 
0.737065 2.506640 
0.737318 2.506185 
0.737480 2.505678 
0.738030 2.505225 
0.738262 2.505036 
0.738818 2.504435 
0.738976 2.504343 
0.739405 2.503829 
0.739633 2.503569 
0.739885 2.503207 
0.740163 2.502825 
0.740526 2.502528 
0.740897 2.502225 
0.741198 2.501822 
0.741541 2.501455 
0.742095 2.501015 
0.742554 2.500532 
0.742542 2.500316 
0.742996 2.499979 
0.743447 2.499526 
0.743645 2.499050 
0.744039 2.498528 
0.744311 2.498410 
0.744809 2.497938 
0.745063 2.497355 
0.745495 2.496937 
0.745674 2.496427 
0.745932 2.496278 
0.746435 2.495588 
0.746754 2.495416 
0.747114 2.495117 
0.747470 2.494734 
0.747857 2.494012 
0.747896 2.493756 
0.748344 2.493381 
0.748641 2.493103 
0.748690 2.492378 
0.749370 2.492232 
0.749565 2.491744 
0.749265 2.490988 
0.750145 2.490787 
0.750152 2.490256 
0.750917 2.490046 
0.751234 2.489745 
0.751131 2.489069 
0.751731 2.488889 
0.751929 2.488414 
0.752282 2.488099 
0.752506 2.487581 
0.752765 2.487200 
0.753065 2.486877 
0.753204 2.486379 
0.753564 2.486046 
0.754216 2.485745 
0.754394 2.485305 
0.754372 2.484839 
0.754769 2.484377 
0.755053 2.484254 
0.755486 2.483615 
0.755598 2.483135 
0.755940 2.482769 
0.756126 2.482216 
0.756627 2.481897 
0.756799 2.481393 
0.756916 2.481033 
0.757199 2.480748 
0.757393 2.480409 
0.757886 2.479876 
0.758147 2.479299 
0.758411 2.479222 
0.758726 2.478641 
0.758734 2.478077 
0.759273 2.477711 
0.759604 2.477313 
0.759939 2.476802 
0.760100 2.476676 
0.760239 2.475842 
0.760378 2.475460 
0.760810 2.475192 
0.761232 2.474616 
0.761186 2.474403 
0.761628 2.473921 
0.761792 2.473507 
0.762264 2.473008 
0.762447 2.472848 
0.762530 2.472352 
0.762771 2.471913 
0.762955 2.471499 
0.763146 2.471090 
0.763530 2.470689 
0.763703 2.470316 
0.764243 2.469972 
0.764285 2.469347 
0.764252 2.468828 
0.764625 2.468619 
0.765005 2.468088 
0.765070 2.467743 
0.765334 2.467295 
0.765563 2.466897 
0.765796 2.466244 
0.765874 2.465872 
0.766386 2.465640 
0.766555 2.465067 
0.766723 2.464562 
0.766825 2.464018 
0.767065 2.463521 
0.767403 2.463082 
0.768095 2.462516 
0.768010 2.461873 
0.768513 2.461740 
0.768573 2.461113 
0.768701 2.460888 
0.768981 2.460506 
0.769120 2.459950 
0.769347 2.459492 
0.769587 2.459077 
0.769835 2.458665 
0.770067 2.458210 
0.770279 2.457754 
0.770546 2.456984 
0.770779 2.456657 
0.770876 2.456191 
0.771158 2.455858 
0.771295 2.455347 
0.771685 2.454707 
0.771969 2.454235 
0.772072 2.454087 
0.772325 2.453285 
0.772458 2.453188 
0.772765 2.452603 
0.772962 2.452325 
0.772897 2.451520 
0.773163 2.451143 
0.773355 2.450664 
0.773542 2.450194 
0.773766 2.449827 
0.774144 2.449574 
0.774307 2.448880 
0.774414 2.448468 
0.774760 2.447894 
0.774754 2.447693 
0.774844 2.447015 
0.775255 2.446793 
0.775279 2.446261 
0.775550 2.445504 
0.775724 2.444992 
0.776008 2.444671 
0.776079 2.444377 
0.776336 2.443947 
0.776520 2.443035 
0.776575 2.442869 
0.776876 2.442037 
0.776903 2.441670 
0.777194 2.441168 
0.777224 2.440908 
0.777501 2.440108 
0.777733 2.439687 
0.777939 2.439379 
0.777856 2.438959 
0.778177 2.438278 
0.778517 2.437804 
0.778394 2.437197 
0.778656 2.437004 
0.778769 2.436571 
0.778812 2.436074 
0.778996 2.435602 
0.779171 2.434835 
0.779427 2.434418 
0.779682 2.434243 
0.779607 2.433490 
0.779904 2.433143 
0.780231 2.432917 
0.780330 2.432523 
0.780487 2.431792 
0.780999 2.431478 
0.781214 2.431163 
0.781104 2.430658 
0.781598 2.430206 
0.781873 2.429835 
0.782068 2.429346 
0.782453 2.428795 
0.782523 2.428465 
0.782782 2.427827 
0.782910 2.427486 
0.783187 2.426998 
0.783559 2.426452 
0.783500 2.425999 
0.783678 2.425698 
0.783903 2.425215 
0.784155 2.424748 
0.784333 2.424273 
0.784530 2.423821 
0.782226 2.421638 
0.783068 2.421380 
0.783202 2.421191 
0.783523 2.420917 
0.784286 2.420403 
0.784331 2.420209 
0.784755 2.419565 
0.785126 2.419169 
0.785332 2.418802 
0.784856 2.417722 
0.785321 2.417426 
0.785193 2.416759 
0.785476 2.416368 
0.785456 2.415916 
0.785564 2.415643 
0.785904 2.415030 
0.785996 2.414539 
0.786199 2.414264 
0.786532 2.413961 
0.786598 2.413478 
0.786794 2.412896 
0.787027 2.412407 
0.787134 2.411936 
0.787330 2.411623 
0.787579 2.410806 
0.787747 2.410452 
0.787987 2.410164 
0.787717 2.409319 
0.788727 2.409359 
0.787618 2.408344 
0.788619 2.407914 
0.788383 2.407356 
0.788913 2.406949 
0.789128 2.406600 
0.789170 2.406183 
0.789298 2.405527 
0.789479 2.405216 
0.789750 2.404447 
0.789847 2.404226 
0.790060 2.403666 
0.790274 2.403329 
0.790599 2.402754 
0.790579 2.402080 
0.790193 2.401551 
0.790997 2.401027 
0.790793 2.400511 
0.791143 2.400184 
0.791134 2.399714 
0.791446 2.399411 
0.791700 2.398748 
0.791850 2.398419 
0.791981 2.397974 
0.792280 2.397256 
0.792339 2.396826 
0.792764 2.396555 
0.792319 2.395642 
0.792958 2.395532 
0.792471 2.394524 
0.793284 2.394691 
0.793022 2.393897 
0.793491 2.393558 
0.793740 2.393160 
0.793608 2.392758 
0.793966 2.392318 
0.794086 2.391750 
0.794189 2.391091 
0.794615 2.391076 
0.794488 2.390014 
0.794595 2.389822 
0.794724 2.389376 
0.794929 2.388846 
0.795119 2.388064 
0.795173 2.387655 
0.795522 2.387304 
0.795542 2.386827 
0.795675 2.386232 
0.795926 2.385510 
0.796162 2.385022 
0.796454 2.384905 
0.796655 2.384338 
0.796708 2.383743 
0.796713 2.383130 
0.797174 2.382775 
0.797106 2.382387 
0.797325 2.381784 
0.797568 2.381139 
0.797639 2.380658 
0.797792 2.380261 
0.797953 2.379786 
0.798124 2.379388 
0.798249 2.378673 
0.798224 2.378287 
0.798649 2.377933 
0.798608 2.377213 
0.798717 2.376638 
0.799260 2.376436 
0.799333 2.375864 
0.799249 2.375176 
0.800087 2.375137 
0.799224 2.374454 
0.800099 2.374249 
0.799718 2.373653 
0.800237 2.373089 
0.800244 2.372744 
0.800550 2.372391 
0.800569 2.371787 
0.801001 2.371472 
0.800976 2.370889 
0.801173 2.370413 
0.801450 2.369624 
0.801731 2.369407 
0.801315 2.368559 
0.801838 2.368124 
0.802038 2.367917 
0.802241 2.367107 
0.802328 2.366706 
0.802495 2.366480 
0.802646 2.365895 
0.802803 2.365443 
0.803010 2.364659 
0.803191 2.364359 
0.803290 2.363779 
0.803464 2.363523 
0.803608 2.363016 
0.803872 2.362209 
0.803957 2.361864 
0.804152 2.361526 
0.804262 2.361127 
0.804426 2.360619 
0.804589 2.360065 
0.804876 2.359469 
0.804902 2.359101 
0.805105 2.358339 
0.805284 2.358235 
0.805398 2.357698 
0.805510 2.357183 
0.805672 2.356711 
0.805850 2.356293 
0.806004 2.355572 
0.806447 2.355357 
0.806148 2.354774 
0.806368 2.354045 
0.806603 2.353650 
0.807049 2.353634 
0.806718 2.352591 
0.807074 2.352267 
0.807488 2.352035 
0.807547 2.351548 
0.807735 2.351019 
0.807929 2.350670 
0.807997 2.349898 
0.808263 2.349474 
0.808336 2.348925 
0.808522 2.348570 
0.808711 2.347741 
0.808925 2.347426 
0.809132 2.347119 
0.809196 2.346321 
0.809381 2.345896 
0.809518 2.345571 
0.809662 2.344761 
0.809793 2.344559 
0.810190 2.344133 
0.810165 2.343596 
0.810338 2.342862 
0.810758 2.342435 
0.810685 2.341987 
0.811007 2.341329 
0.811115 2.340848 
0.811406 2.340438 
0.811312 2.340046 
0.811607 2.339675 
0.811650 2.339154 
0.811788 2.338411 
0.812089 2.338090 
0.812141 2.337633 
0.812395 2.337004 
0.812437 2.336798 
0.812524 2.336303 
0.812834 2.335953 
0.812898 2.335491 
0.813079 2.334820 
0.813145 2.334405 
0.813463 2.334013 
0.813439 2.333070 
0.813662 2.332725 
0.813836 2.332178 
0.814351 2.331936 
0.814370 2.331506 
0.814329 2.330971 
0.814627 2.330392 
0.814818 2.329960 
0.814968 2.329305 
0.814996 2.329123 
0.815438 2.328491 
0.815671 2.328117 
0.815719 2.327519 
0.815679 2.326810 
0.815811 2.326493 
0.816154 2.326173 
0.816287 2.325590 
0.816398 2.324993 
0.816540 2.324775 
0.816795 2.324008 
0.816901 2.323642 
0.817084 2.323158 
0.817181 2.322809 
0.817357 2.322378 
0.817579 2.321604 
0.817733 2.321125 
0.817968 2.320719 
0.818032 2.320431 
0.818207 2.319594 
0.818414 2.319170 
0.818873 2.319047 
0.818888 2.318463 
0.819050 2.318002 
0.819187 2.317561 
0.819013 2.316878 
0.819206 2.316643 
0.819482 2.315900 
0.819873 2.315794 
0.819879 2.315287 
0.819989 2.314771 
0.820241 2.314479 
0.820251 2.313869 
0.820287 2.313287 
0.820867 2.312955 
0.820745 2.312350 
0.820810 2.311668 
0.821319 2.311574 
0.821115 2.310849 
0.821398 2.310308 
0.821642 2.309872 
0.821706 2.309178 
0.822107 2.308822 
0.822248 2.308104 
0.822271 2.307817 
0.822325 2.307234 
0.822732 2.306789 
0.822845 2.306356 
0.822888 2.305824 
0.823144 2.305359 
0.823437 2.304824 
0.823751 2.304603 
0.823523 2.303738 
0.823792 2.303316 
0.824026 2.302629 
0.824202 2.302501 
0.824353 2.301615 
0.824486 2.301449 
0.824677 2.300738 
0.824776 2.300251 
0.824911 2.299958 
0.825096 2.299581 
0.825189 2.298927 
0.825481 2.298600 
0.825424 2.297928 
0.825689 2.297353 
0.825741 2.297035 
0.825897 2.296512 
0.826432 2.296165 
0.826276 2.295737 
0.826340 2.295089 
0.826774 2.294684 
0.826914 2.294360 
0.826982 2.293819 
0.827074 2.293166 
0.827471 2.292842 
0.827432 2.292379 
0.827577 2.291570 
0.827976 2.291167 
0.828035 2.290691 
0.828303 2.290222 
0.828642 2.289958 
0.828444 2.289110 
0.828898 2.289040 
0.828747 2.288209 
0.829147 2.287911 
0.829309 2.287217 
0.829372 2.287022 
0.829470 2.286534 
0.829691 2.285921 
0.829867 2.285410 
0.830017 2.284988 
0.830232 2.284487 
0.830347 2.284102 
0.830508 2.283617 
0.830685 2.283140 
0.830847 2.282622 
0.831037 2.282153 
0.831211 2.281698 
0.831337 2.281191 
0.831535 2.280752 
0.831716 2.280301 
0.831855 2.279838 
0.831998 2.279388 
0.832163 2.278904 
0.832304 2.278454 
0.832458 2.278034 
0.832618 2.277605 
0.832760 2.277120 
0.832958 2.276657 
0.833079 2.276171 
0.833270 2.275704 
0.833341 2.275153 
0.833390 2.274335 
0.833366 2.273984 
0.833953 2.273482 
0.834317 2.273104 
0.834515 2.272722 
0.834749 2.272268 
0.834701 2.271602 
0.834676 2.271099 
0.835075 2.270487 
0.835006 2.269994 
0.835150 2.269591 
0.835548 2.269037 
0.835561 2.268464 
0.835592 2.268122 
0.835968 2.267531 
0.836080 2.267028 
0.836223 2.266498 
0.836384 2.266220 
0.836485 2.265758 
0.836735 2.265059 
0.836819 2.264782 
0.837121 2.264288 
0.837227 2.263792 
0.837246 2.263026 
0.837474 2.262580 
0.837814 2.262247 
0.837774 2.261411 
0.838176 2.261380 
0.838087 2.260527 
0.838601 2.260354 
0.838454 2.259687 
0.838829 2.259176 
0.838923 2.258791 
0.838944 2.258420 
0.839140 2.257770 
0.839188 2.257543 
0.839568 2.256989 
0.839796 2.256369 
0.839842 2.256059 
0.839985 2.255656 
0.840261 2.255203 
0.840365 2.254441 
0.840513 2.254180 
0.840637 2.253719 
0.840786 2.253040 
0.841116 2.252666 
0.841012 2.252048 
0.841653 2.251671 
0.841686 2.251098 
0.841884 2.250820 
0.841771 2.249953 
0.842023 2.249615 
0.841858 2.248936 
0.842561 2.248631 
0.842547 2.248124 
0.842565 2.247740 
0.842837 2.247075 
0.843088 2.246690 
0.843349 2.246287 
0.843516 2.245770 
0.843551 2.245256 
0.843403 2.244751 
0.843812 2.244203 
0.844039 2.243768 
0.844127 2.243170 
0.844346 2.242683 
0.844516 2.242517 
0.844543 2.242011 
0.844734 2.241252 
0.844870 2.240891 
0.845103 2.240379 
0.845162 2.240158 
0.845322 2.239509 
0.845483 2.239128 
0.845586 2.238585 
0.845757 2.238303 
0.846021 2.237634 
0.846132 2.237398 
0.846129 2.236572 
0.846302 2.236315 
0.846555 2.235628 
0.846811 2.235442 
0.846956 2.234727 
0.847134 2.234309 
0.847297 2.233720 
0.847486 2.233483 
0.847628 2.232708 
0.847705 2.232382 
0.848275 2.231940 
0.848183 2.231352 
0.848174 2.230731 
0.848703 2.230219 
0.848654 2.229622 
0.849170 2.229578 
0.849089 2.228845 
0.848916 2.228115 
0.849663 2.228022 
0.849649 2.227445 
0.849852 2.226915 
0.849828 2.226391 
0.850047 2.225938 
0.850255 2.225539 
0.850353 2.225074 
0.850968 2.224659 
0.850682 2.223771 
0.850805 2.223322 
0.850923 2.222961 
0.851170 2.222642 
0.851294 2.222112 
0.851503 2.221527 
0.851805 2.221102 
0.851538 2.220270 
0.851810 2.219955 
0.851873 2.219377 
0.852067 2.219051 
0.852199 2.218594 
0.852697 2.218493 
0.852772 2.217817 
0.852903 2.217326 
0.853108 2.216832 
0.853258 2.216491 
0.853342 2.216018 
0.853538 2.215541 
0.853733 2.215052 
0.853934 2.214568 
0.854123 2.214098 
0.854263 2.213310 
0.854393 2.212829 
0.854483 2.212523 
0.854744 2.211910 
0.854901 2.211516 
0.855114 2.210828 
0.855258 2.210392 
0.854769 2.209628 
0.855251 2.209180 
0.855441 2.208676 
0.855903 2.208439 
0.856063 2.207929 
0.856086 2.207444 
0.856471 2.206974 
0.856517 2.206571 
0.856542 2.205785 
0.856807 2.205431 
0.857148 2.205201 
0.857083 2.204666 
0.857340 2.204108 
0.857460 2.203702 
0.857666 2.203000 
0.857812 2.202854 
0.857963 2.202388 
0.858151 2.201929 
0.858264 2.201415 
0.858437 2.200972 
0.858634 2.200275 
0.858869 2.199938 
0.858935 2.199315 
0.859111 2.199129 
0.859198 2.198402 
0.859362 2.197848 
0.859589 2.197530 
0.859824 2.196972 
0.860022 2.196450 
0.860254 2.196204 
0.859637 2.195190 
0.860357 2.194965 
0.860662 2.194541 
0.860904 2.194137 
0.861008 2.193711 
0.861112 2.193018 
0.861502 2.192575 
0.861515 2.192199 
0.861730 2.191409 
0.861873 2.191076 
0.862026 2.190737 
0.862302 2.190005 
0.862278 2.189468 
0.862406 2.189208 
0.862665 2.188768 
0.862765 2.188014 
0.862868 2.187517 
0.863575 2.187424 
0.863171 2.186605 
0.863710 2.186238 
0.863726 2.185679 
0.863791 2.184916 
0.863984 2.184543 
0.864167 2.184290 
0.864295 2.183588 
0.864713 2.183405 
0.864054 2.182494 
0.865000 2.182309 
0.864899 2.181762 
0.865103 2.181371 
0.865406 2.180958 
0.865147 2.180190 
0.865247 2.179901 
0.866025 2.179616 
0.865798 2.178937 
0.866055 2.178485 
0.866226 2.178086 
0.866451 2.177685 
0.866376 2.176840 
0.866537 2.176447 
0.866936 2.176160 
0.867017 2.175581 
0.867296 2.175189 
0.867405 2.174777 
0.867622 2.174266 
0.867438 2.173322 
0.867641 2.172908 
0.867969 2.172602 
0.868444 2.172163 
0.868387 2.171595 
0.868665 2.171247 
0.868713 2.170847 
0.868917 2.170294 
0.869095 2.169795 
0.868687 2.169113 
0.868773 2.168341 
0.869326 2.168178 
0.869183 2.167491 
0.869651 2.167116 
0.869860 2.166716 
0.870148 2.166330 
0.869925 2.165630 
0.869927 2.165015 
0.870559 2.164784 
0.870840 2.164462 
0.870929 2.163807 
0.871145 2.163504 
0.871252 2.162883 
0.871478 2.162400 
0.871637 2.162227 
0.871811 2.161738 
0.871835 2.161229 
0.872028 2.160624 
0.872385 2.160300 
0.872101 2.159460 
0.872409 2.159083 
0.872685 2.158922 
0.872816 2.158441 
0.873111 2.158024 
0.873227 2.157279 
0.873411 2.157028 
0.873455 2.156439 
0.873694 2.155999 
0.874009 2.155303 
0.874443 2.154944 
0.874562 2.154329 
0.874295 2.153544 
0.874681 2.153249 
0.874819 2.152960 
0.874913 2.152434 
0.875023 2.151954 
0.875232 2.151462 
0.875498 2.150783 
0.875674 2.150271 
0.876114 2.150089 
0.875839 2.149173 
0.876057 2.148744 
0.876083 2.148329 
0.876422 2.147612 
0.876610 2.147224 
0.876770 2.146855 
0.877015 2.146523 
0.877183 2.145902 
0.876855 2.145139 
0.877397 2.144821 
0.877704 2.144398 
0.877751 2.144078 
0.877991 2.143523 
0.878342 2.143126 
0.878363 2.142698 
0.878449 2.142226 
0.878243 2.141698 
0.878671 2.141195 
0.878732 2.140791 
0.877696 2.139635 
0.879007 2.139606 
0.879386 2.139307 
0.879395 2.138860 
0.879560 2.138145 
0.879754 2.137632 
0.879882 2.137405 
0.880051 2.136890 
0.880286 2.136192 
0.880433 2.135803 
0.880519 2.135378 
0.880764 2.135000 
0.880920 2.134535 
0.880855 2.133858 
0.881201 2.133099 
0.881656 2.132938 
0.881339 2.132356 
0.881583 2.131861 
0.881996 2.131687 
0.882077 2.130841 
0.882368 2.130409 
0.882307 2.130083 
0.882484 2.129490 
0.882604 2.128946 
0.882891 2.128546 
0.883109 2.128094 
0.883268 2.127713 
0.883414 2.127206 
0.883580 2.126549 
0.883957 2.126273 
0.883973 2.125701 
0.884389 2.125250 
0.884135 2.124740 
0.884250 2.124171 
0.884207 2.123669 
0.884610 2.123187 
0.885001 2.122919 
0.884725 2.122186 
0.884590 2.121678 
0.885121 2.121411 
0.885324 2.120856 
0.884466 2.120025 
0.885491 2.119852 
0.885833 2.119543 
0.886319 2.119203 
0.886220 2.118622 
0.886403 2.118044 
0.886770 2.117658 
0.886844 2.117202 
0.886961 2.116401 
0.887354 2.116215 
0.887203 2.115510 
0.887557 2.114953 
0.887720 2.114480 
0.887760 2.114097 
0.887939 2.113517 
0.888108 2.113176 
0.887561 2.112227 
0.888567 2.111973 
0.888793 2.111815 
0.888983 2.111046 
0.888912 2.110401 
0.889318 2.110129 
0.889307 2.109623 
0.889400 2.109167 
0.889503 2.108625 
0.889943 2.108036 
0.889837 2.107370 
0.889985 2.106959 
0.890481 2.106856 
0.890472 2.106189 
0.890614 2.105762 
0.890886 2.105307 
0.890821 2.104758 
0.891276 2.104388 
0.891332 2.103770 
0.891361 2.103497 
0.891717 2.102953 
0.891727 2.102414 
0.891818 2.101887 
0.892145 2.101417 
0.892196 2.101076 
0.892415 2.100357 
0.892554 2.100161 
0.892685 2.099646 
0.892884 2.099194 
0.893000 2.098660 
0.893203 2.098188 
0.893390 2.097729 
0.893541 2.097191 
0.893716 2.096749 
0.893889 2.096281 
0.894042 2.095792 
0.894208 2.095298 
0.894367 2.094775 
0.894529 2.094302 
0.894702 2.093824 
0.894866 2.093340 
0.895022 2.092864 
0.895187 2.092368 
0.895349 2.091872 
0.895515 2.091367 
0.895572 2.090820 
0.895803 2.090166 
0.895964 2.089762 
0.896088 2.089255 
0.896325 2.088918 
0.896453 2.088402 
0.896622 2.087991 
0.896775 2.087512 
0.896936 2.087026 
0.897111 2.086596 
0.897278 2.086160 
0.897454 2.085684 
0.897622 2.085261 
0.897825 2.084812 
0.897996 2.084424 
0.898114 2.083948 
0.898183 2.083421 
0.898382 2.082958 
0.898543 2.082507 
0.898715 2.082016 
0.898869 2.081526 
0.898933 2.080983 
0.899173 2.080521 
0.899403 2.080076 
0.899662 2.079324 
0.899723 2.079035 
0.899923 2.078561 
0.900170 2.077802 
0.900333 2.077270 
0.900411 2.077003 
0.900581 2.076511 
0.900779 2.076001 
0.900926 2.075483 
0.901087 2.074987 
0.901265 2.074523 
0.901458 2.073708 
0.901663 2.073387 
0.901869 2.072917 
0.901847 2.072440 
0.902336 2.071927 
0.902285 2.071340 
0.902554 2.070941 
0.902690 2.070475 
0.902614 2.069758 
0.902689 2.069290 
0.902997 2.068695 
0.903114 2.068498 
0.903406 2.068112 
0.903590 2.067477 
0.903659 2.067101 
0.903944 2.066444 
0.904032 2.066264 
0.904347 2.065753 
0.904435 2.065341 
0.904459 2.064751 
0.904588 2.064119 
0.904003 2.063508 
0.905040 2.063317 
0.905021 2.062703 
0.905232 2.062165 
0.905269 2.061584 
0.905430 2.061168 
0.905543 2.060701 
0.906192 2.060444 
0.906125 2.059859 
0.906124 2.059349 
0.906394 2.058811 
0.906739 2.058422 
0.906828 2.057895 
0.906975 2.057377 
0.906308 2.056462 
0.907320 2.056257 
0.907478 2.055979 
0.907714 2.055468 
0.907876 2.054937 
0.907927 2.054571 
0.908122 2.053945 
0.908357 2.053631 
0.908446 2.053148 
0.908642 2.052578 
0.908836 2.052171 
0.908996 2.051719 
0.909175 2.051244 
0.909325 2.050753 
0.909476 2.050250 
0.909620 2.049755 
0.909829 2.049332 
0.910046 2.048856 
0.910167 2.048405 
0.910364 2.047767 
0.909535 2.046872 
0.910478 2.046673 
0.910709 2.046485 
0.911212 2.046095 
0.910296 2.045138 
0.911555 2.045114 
0.910428 2.044148 
0.911556 2.044070 
0.911943 2.043753 
0.910759 2.042648 
0.911978 2.042519 
0.912354 2.042207 
0.912372 2.041614 
0.912522 2.041262 
0.912598 2.040797 
0.912843 2.040024 
0.913030 2.039519 
0.913187 2.039113 
0.913376 2.038632 
0.913512 2.038166 
0.913686 2.037723 
0.913869 2.037274 
0.914059 2.036771 
0.914343 2.036138 
0.914176 2.035750 
0.914541 2.035094 
0.914697 2.034675 
0.914758 2.034223 
0.914912 2.033640 
0.915564 2.033328 
0.915408 2.032713 
0.915781 2.032295 
0.915598 2.031491 
0.915571 2.031046 
0.916325 2.030759 
0.916270 2.030158 
0.916183 2.029746 
0.916611 2.029221 
0.916786 2.028860 
0.916816 2.028402 
0.917146 2.027795 
0.917208 2.027251 
0.917411 2.026790 
0.917471 2.026350 
0.917587 2.026152 
0.917631 2.025435 
0.917782 2.024955 
0.917836 2.024453 
0.918425 2.024208 
0.918416 2.023529 
0.918944 2.023306 
0.918540 2.022685 
0.918927 2.022367 
0.919205 2.021789 
0.919178 2.021204 
0.919440 2.020744 
0.919739 2.020316 
0.919875 2.019734 
0.919493 2.019034 
0.919954 2.018597 
0.920408 2.018505 
0.920379 2.017733 
0.920668 2.017184 
0.920814 2.016944 
0.920988 2.016234 
0.920212 2.015197 
0.921276 2.015302 
0.921516 2.014851 
0.921269 2.014009 
0.920966 2.013366 
0.920770 2.012484 
0.921065 2.012727 
0.920498 2.011500 
0.920225 2.010538 
0.920132 2.010275 
0.919508 2.009082 
0.919013 2.008292 
0.919477 2.008054 
0.919219 2.007380 
0.920119 2.007062 
0.919309 2.006226 
0.919980 2.005878 
0.920453 2.005798 
0.920407 2.005097 
0.921083 2.004973 
0.921473 2.004819 
0.921268 2.004014 
0.921436 2.003521 
0.921791 2.003033 
0.922089 2.002826 
0.922239 2.002287 
0.925217 2.003265 
0.925128 2.002853 
0.925646 2.002486 
0.925763 2.001834 
0.926002 2.001558 
0.925948 2.000992 
0.926180 2.000258 
0.926466 1.999811 
0.926586 1.999197 
0.926820 1.998836 
0.926825 1.998340 
0.927063 1.997713 
0.927243 1.997541 
0.927387 1.997035 
0.927400 1.996473 
0.927688 1.995761 
0.927097 1.995065 
0.927221 1.994487 
0.927899 1.994329 
0.928397 1.993671 
0.928414 1.993205 
0.928774 1.992790 
0.927640 1.991414 
0.929165 1.991617 
0.929085 1.991059 
0.929347 1.991085 
0.929651 1.990545 
0.929833 1.990014 
0.929715 1.989550 
0.929906 1.988850 
0.930303 1.988945 
0.930070 1.987890 
0.930332 1.987638 
0.930546 1.987091 
0.930801 1.986591 
0.930334 1.986258 
0.930169 1.985383 
0.931220 1.985387 
0.931342 1.985157 
0.931779 1.984591 
0.931903 1.983863 
0.931672 1.983320 
0.931833 1.982672 
0.932294 1.982643 
0.932415 1.981924 
0.932552 1.981576 
0.932849 1.981031 
0.932977 1.980676 
0.933180 1.980182 
0.933395 1.979751 
0.933543 1.979211 
0.933785 1.978449 
0.933822 1.978180 
0.933990 1.977722 
0.934164 1.977244 
0.934353 1.976786 
0.934520 1.976293 
0.934637 1.975793 
0.934824 1.975300 
0.935027 1.974851 
0.935186 1.974155 
0.935243 1.973876 
0.927462 1.968569 
0.927778 1.968058 
0.930204 1.969048 
0.931357 1.969251 
0.932900 1.969535 
0.933145 1.968982 
0.933127 1.968542 
0.932894 1.967533 
0.932430 1.966970 
0.932040 1.966241 
0.932111 1.965714 
0.932201 1.965234 
0.932430 1.964846 
0.932899 1.964543 
0.934871 1.965066 
0.937847 1.966089 
0.937952 1.965570 
0.938016 1.965179 
0.938357 1.964892 
0.938410 1.963983 
0.938596 1.963861 
0.938742 1.963355 
0.938933 1.962562 
0.939181 1.962117 
0.938747 1.961489 
0.938727 1.960735 
0.939557 1.960574 
0.938894 1.959927 
0.938746 1.959096 
0.939729 1.958957 
0.939978 1.958244 
0.940050 1.957660 
0.940659 1.957578 
0.940560 1.957218 
0.940879 1.956535 
0.941117 1.956083 
0.941325 1.955870 
0.941512 1.955179 
0.941713 1.954601 
0.941982 1.954307 
0.941929 1.953729 
0.942225 1.953335 
0.942555 1.952705 
0.942637 1.952231 
0.942749 1.951903 
0.942893 1.951478 
0.942785 1.950554 
0.942866 1.950034 
0.941942 1.949373 
0.935614 1.944726 
0.934910 1.943858 
0.935145 1.943567 
0.937338 1.944337 
0.939235 1.944829 
0.939174 1.944015 
0.939318 1.943822 
0.939543 1.943072 
0.938420 1.941760 
0.937349 1.940722 
0.936967 1.940033 
0.932950 1.936899 
0.932650 1.936304 
0.932851 1.935841 
0.933291 1.935533 
0.935937 1.936442 
0.938971 1.937522 
0.940743 1.938138 
0.941174 1.937846 
0.942006 1.937698 
0.942287 1.937354 
0.942457 1.936850 
0.942615 1.936339 
0.942563 1.935797 
0.943181 1.935535 
0.943513 1.935138 
0.943819 1.934762 
0.944588 1.934612 
0.945902 1.934596 
0.948080 1.935324 
0.948270 1.934786 
0.948197 1.934301 
0.948702 1.933821 
0.948893 1.933365 
0.948843 1.932802 
0.949201 1.932420 
0.949075 1.932056 
0.949247 1.931426 
0.949446 1.931033 
0.949422 1.930473 
0.949273 1.929781 
0.949874 1.929590 
0.949531 1.928900 
0.948504 1.927505 
0.949081 1.927753 
0.950452 1.927795 
0.950643 1.927304 
0.950938 1.926736 
0.951114 1.926409 
0.951275 1.926005 
0.951412 1.925575 
0.951602 1.925118 
0.951652 1.924463 
0.951880 1.923947 
0.952030 1.923409 
0.952225 1.922989 
0.952473 1.922369 
0.952600 1.922003 
0.952729 1.921511 
0.952974 1.921039 
0.952946 1.920362 
0.953183 1.919886 
0.953282 1.919353 
0.952642 1.918325 
0.953081 1.917876 
0.952042 1.917171 
0.952597 1.916638 
0.953641 1.916454 
0.954155 1.916094 
0.952894 1.914539 
0.955097 1.915094 
0.953233 1.913810 
0.954697 1.914046 
0.954491 1.913228 
0.953523 1.912704 
0.955058 1.912832 
0.954810 1.911826 
0.955779 1.911816 
0.954391 1.911010 
0.953587 1.909515 
0.953047 1.908593 
0.952382 1.907783 
0.952405 1.907343 
0.952851 1.906968 
0.953457 1.906850 
0.953804 1.906287 
0.953603 1.905694 
0.953517 1.905108 
0.953187 1.904009 
0.950256 1.901817 
0.949442 1.900733 
0.949315 1.900275 
0.949518 1.899849 
0.949795 1.899409 
0.950157 1.899042 
0.950641 1.898713 
0.950892 1.898315 
0.951139 1.897891 
0.951340 1.897430 
0.951131 1.896715 
0.951368 1.896239 
0.951590 1.895673 
0.951233 1.894987 
0.951795 1.894726 
0.952118 1.894337 
0.952351 1.893905 
0.952613 1.893467 
0.952891 1.893016 
0.953137 1.892592 
0.953150 1.892042 
0.952957 1.891360 
0.953197 1.890910 
0.953480 1.890461 
0.953724 1.890024 
0.953963 1.889620 
0.954212 1.889198 
0.954470 1.888781 
0.954700 1.888371 
0.955234 1.888151 
0.955873 1.887936 
0.956107 1.887529 
0.956589 1.887302 
0.957532 1.887336 
0.959411 1.887875 
0.959894 1.887648 
0.959648 1.886946 
0.959738 1.886372 
0.959375 1.885426 
0.958948 1.884514 
0.958787 1.884094 
0.959013 1.883647 
0.959249 1.883217 
0.959526 1.882776 
0.959745 1.882267 
0.958394 1.880705 
0.958389 1.880238 
0.958645 1.879796 
0.959624 1.879561 
0.960027 1.879404 
0.960292 1.878945 
0.960561 1.878499 
0.960815 1.878057 
0.961057 1.877655 
0.961311 1.877201 
0.961576 1.876753 
0.961839 1.876306 
0.962077 1.875901 
0.962340 1.875475 
0.962593 1.875032 
0.962712 1.874522 
0.962840 1.873982 
0.962914 1.873236 
0.962950 1.872816 
0.963229 1.872237 
0.963382 1.871934 
0.963643 1.871484 
0.963873 1.871073 
0.964128 1.870643 
0.964474 1.870034 
0.964539 1.869748 
0.964773 1.869317 
0.965003 1.868907 
0.965261 1.868490 
0.965505 1.868112 
0.966300 1.868001 
0.966690 1.867662 
0.966933 1.867225 
0.967207 1.866782 
0.967463 1.866353 
0.967695 1.865932 
0.967952 1.865503 
0.968157 1.865055 
0.968171 1.864449 
0.968427 1.864019 
0.968379 1.863398 
0.967295 1.862086 
0.967037 1.861412 
0.967283 1.861000 
0.967518 1.860558 
0.967773 1.859873 
0.967803 1.859485 
0.967895 1.858969 
0.967807 1.858326 
0.967883 1.857789 
0.966939 1.856479 
0.966523 1.855804 
0.966748 1.855356 
0.967026 1.854917 
0.967268 1.854479 
0.967644 1.854144 
0.968082 1.853832 
0.968356 1.853390 
0.968616 1.852952 
0.968853 1.852523 
0.969108 1.852116 
0.969346 1.851688 
0.969596 1.851266 
0.969840 1.850852 
0.970194 1.850527 
0.971696 1.850809 
0.971951 1.850437 
0.970914 1.849280 
0.970086 1.848316 
0.968806 1.847027 
0.968073 1.845981 
0.966376 1.844330 
0.964944 1.843044 
0.964990 1.842410 
0.965128 1.841922 
0.965363 1.841493 
0.965645 1.841043 
0.966013 1.840692 
0.966647 1.840462 
0.966939 1.839995 
0.967189 1.839574 
0.967526 1.839157 
0.969483 1.839441 
0.970364 1.839623 
0.970745 1.839267 
0.971017 1.838812 
0.971283 1.838377 
0.971410 1.837849 
0.962724 1.832008 
0.961368 1.830767 
0.961384 1.830208 
0.961643 1.829769 
0.961880 1.829352 
0.962479 1.829114 
0.963400 1.829064 
0.963667 1.828617 
0.963940 1.828186 
0.964189 1.827730 
0.964335 1.827189 
0.964311 1.826560 
0.962713 1.824886 
0.961331 1.823583 
0.961357 1.823124 
0.961617 1.822708 
0.961863 1.822296 
0.962108 1.821883 
0.962366 1.821442 
0.962602 1.821048 
0.962841 1.820643 
0.963065 1.820241 
0.963306 1.819838 
0.963222 1.819161 
0.962240 1.818037 
0.952143 1.811296 
0.950652 1.810022 
0.949913 1.809053 
0.950046 1.808551 
0.950313 1.808116 
0.950460 1.807599 
0.950495 1.807039 
0.950740 1.806603 
0.951036 1.806128 
0.951266 1.805718 
0.951534 1.805284 
0.951793 1.804857 
0.954531 1.805645 
0.956290 1.806033 
0.959032 1.807115 
0.960539 1.807423 
0.961380 1.807489 
0.962746 1.807749 
0.964021 1.807862 
0.964982 1.807906 
0.966869 1.808264 
0.974827 1.812351 
0.976743 1.813075 
0.977163 1.812811 
0.977750 1.812543 
0.978022 1.812110 
0.978273 1.811678 
0.978349 1.811165 
0.975954 1.808976 
0.974716 1.807840 
0.974845 1.807394 
0.975075 1.806983 
0.975300 1.806536 
0.975558 1.806119 
0.975777 1.805714 
0.976056 1.805369 
0.978079 1.805818 
0.979802 1.806404 
0.980640 1.806341 
0.980937 1.805947 
0.981193 1.805506 
0.981442 1.805060 
0.981703 1.804646 
0.981950 1.804200 
0.982205 1.803769 
0.982474 1.803336 
0.982738 1.802864 
0.982988 1.802443 
0.983256 1.801986 
0.983525 1.801529 
0.983695 1.801026 
0.981132 1.798726 
0.979817 1.797521 
0.979935 1.796998 
0.980313 1.796640 
0.981869 1.796990 
0.984780 1.797997 
0.986003 1.798231 
0.986336 1.797822 
0.986604 1.797389 
0.981367 1.793524 
0.980844 1.792694 
0.980990 1.792280 
0.981252 1.791855 
0.981087 1.790933 
0.979857 1.789651 
0.979489 1.788969 
0.979702 1.788585 
0.979946 1.788148 
0.980178 1.787751 
0.980437 1.787335 
0.980660 1.786932 
0.980924 1.786507 
0.981171 1.786085 
0.981405 1.785689 
0.981635 1.785278 
0.981507 1.784657 
0.974574 1.779862 
0.968531 1.775661 
0.967330 1.774594 
0.968112 1.774486 
0.970578 1.775336 
0.971161 1.775122 
0.971548 1.774781 
0.972400 1.774680 
0.973504 1.774728 
0.978570 1.776947 
0.980424 1.777623 
0.980876 1.777274 
0.981477 1.777070 
0.983088 1.777429 
0.983891 1.777333 
0.984424 1.777043 
0.988932 1.778912 
0.991444 1.779788 
0.992671 1.780141 
0.993170 1.779855 
0.993414 1.779418 
0.993667 1.778986 
0.993930 1.778561 
0.993848 1.777910 
0.993840 1.777347 
0.994073 1.776927 
0.994327 1.776496 
0.994595 1.776063 
0.994851 1.775610 
0.995104 1.775178 
0.995348 1.774765 
0.995602 1.774334 
0.995596 1.773751 
0.995758 1.773278 
0.995982 1.772875 
0.995973 1.772266 
0.996010 1.771708 
0.996230 1.771315 
0.996453 1.770924 
0.996571 1.770437 
0.996699 1.769943 
0.996944 1.769507 
0.997021 1.769006 
0.997097 1.768448 
0.997324 1.768025 
0.997584 1.767609 
0.997344 1.766690 
0.996784 1.765966 
0.997003 1.765515 
0.997257 1.765048 
0.997523 1.764625 
0.997468 1.763989 
0.997156 1.763178 
0.997402 1.762708 
0.997551 1.762181 
0.997809 1.761717 
0.998070 1.761244 
0.998344 1.760802 
0.998581 1.760385 
0.998854 1.759918 
0.999116 1.759470 
0.999388 1.759015 
0.999623 1.758609 
0.999337 1.757847 
0.998665 1.756847 
0.998884 1.756396 
0.999152 1.755939 
0.999418 1.755504 
0.999683 1.755056 
0.999781 1.754511 
0.999658 1.753891 
0.995252 1.750494 
0.994305 1.749576 
0.994430 1.749104 
0.994675 1.748715 
0.994912 1.748286 
0.995160 1.747864 
0.995427 1.747487 
0.996126 1.747364 
0.997804 1.747796 
0.998563 1.747698 
0.998831 1.747252 
0.999086 1.746823 
0.999341 1.746370 
0.999600 1.745930 
1.000043 1.745622 
1.002306 1.746341 
1.007623 1.748778 
1.006637 1.747756 
1.010199 1.748974 
1.010007 1.748408 
1.010691 1.748068 
1.011141 1.747962 
1.011255 1.747588 
1.011668 1.747217 
1.012876 1.747313 
1.013557 1.747134 
1.014120 1.746746 
1.014414 1.746490 
1.014776 1.746018 
1.015205 1.745796 
1.015447 1.745393 
1.015485 1.744789 
1.014664 1.743712 
1.012071 1.741591 
1.011556 1.740777 
1.010241 1.739421 
1.009855 1.738614 
1.008926 1.737278 
1.004315 1.733967 
1.003638 1.733161 
1.003851 1.732707 
1.004099 1.732296 
1.004344 1.731872 
1.004584 1.731468 
1.004833 1.731046 
1.005075 1.730631 
1.005314 1.730226 
1.005527 1.729864 
1.004485 1.728506 
1.003385 1.727452 
1.003553 1.727005 
1.003799 1.726605 
1.004050 1.726161 
1.004301 1.725728 
1.004553 1.725308 
1.004812 1.724858 
1.005056 1.724444 
1.005318 1.723996 
1.005588 1.723527 
1.005839 1.723094 
1.006104 1.722623 
1.006376 1.722157 
1.006647 1.721702 
1.006909 1.721253 
1.007188 1.720802 
1.007452 1.720331 
1.007715 1.719882 
1.007963 1.719483 
1.008237 1.719018 
1.008487 1.718572 
1.008752 1.718126 
1.008995 1.717711 
1.008942 1.717111 
1.008655 1.716327 
1.008900 1.715903 
1.008906 1.715292 
1.008883 1.714686 
1.009061 1.714198 
1.007717 1.712687 
1.007275 1.711742 
1.008358 1.712043 
1.008749 1.711774 
1.008989 1.711358 
1.009224 1.710964 
1.009470 1.710541 
1.009704 1.710145 
1.009954 1.709723 
1.010169 1.709339 
1.009972 1.708678 
1.009709 1.708011 
1.009451 1.707278 
1.009708 1.706849 
1.009959 1.706417 
1.010218 1.705978 
1.010472 1.705548 
1.010726 1.705117 
1.010984 1.704677 
1.011248 1.704230 
1.011516 1.703772 
1.011777 1.703333 
1.012055 1.702859 
1.012315 1.702420 
1.012574 1.701981 
1.012832 1.701541 
1.013107 1.701076 
1.013380 1.700611 
1.013645 1.700163 
1.013918 1.699720 
1.014161 1.699283 
1.014418 1.698854 
1.014669 1.698422 
1.014936 1.697976 
1.015199 1.697527 
1.015245 1.696985 
1.015333 1.696469 
1.015566 1.696048 
1.015829 1.695600 
1.016095 1.695153 
1.016341 1.694729 
1.016587 1.694318 
1.016836 1.693895 
1.017079 1.693481 
1.017323 1.693068 
1.017556 1.692671 
1.017811 1.692241 
1.018049 1.691836 
1.018298 1.691413 
1.018496 1.691078 
1.018735 1.690673 
1.018978 1.690259 
1.019233 1.689830 
1.019470 1.689423 
1.019736 1.688976 
1.019988 1.688545 
1.020239 1.688124 
1.020501 1.687674 
1.020744 1.687260 
1.021006 1.686822 
1.019645 1.685208 
1.018450 1.684063 
1.018584 1.683561 
1.018853 1.683104 
1.018918 1.682516 
1.018420 1.681630 
1.017630 1.680573 
1.017834 1.680031 
1.018119 1.679596 
1.018330 1.679198 
1.018613 1.678749 
1.018877 1.678301 
1.019127 1.677856 
1.019370 1.677443 
1.019627 1.677013 
1.019884 1.676573 
1.020140 1.676144 
1.020084 1.675495 
1.018091 1.673705 
1.017849 1.672982 
1.018112 1.672522 
1.018376 1.672109 
1.018622 1.671662 
1.018863 1.671258 
1.019118 1.670828 
1.019356 1.670423 
1.019616 1.669984 
1.019870 1.669554 
1.020103 1.669157 
1.020349 1.668745 
1.020581 1.668347 
1.020831 1.667926 
1.021084 1.667495 
1.021339 1.667065 
1.021609 1.666609 
1.021851 1.666194 
1.022100 1.665773 
1.022349 1.665351 
1.022604 1.664920 
1.022876 1.664477 
1.023130 1.664046 
1.023377 1.663611 
1.023650 1.663145 
1.023889 1.662740 
1.024148 1.662302 
1.024401 1.661870 
1.024676 1.661406 
1.024945 1.660949 
1.025207 1.660523 
1.025458 1.660079 
1.025711 1.659647 
1.025971 1.659208 
1.026229 1.658769 
1.026484 1.658339 
1.026753 1.657882 
1.027002 1.657460 
1.027252 1.657039 
1.027500 1.656616 
1.027759 1.656176 
1.028033 1.655711 
1.028266 1.655314 
1.028511 1.654902 
1.028759 1.654479 
1.028997 1.654075 
1.029247 1.653653 
1.029482 1.653270 
1.029737 1.652839 
1.029812 1.652325 
1.029651 1.651709 
1.028982 1.650803 
1.029125 1.650354 
1.029390 1.649907 
1.029648 1.649478 
1.029882 1.649070 
1.029901 1.648466 
1.029898 1.647884 
1.030134 1.647466 
1.030400 1.647008 
1.030666 1.646584 
1.030920 1.646130 
1.031195 1.645666 
1.031450 1.645235 
1.031719 1.644778 
1.031988 1.644322 
1.032259 1.643867 
1.032505 1.643442 
1.032777 1.642987 
1.033045 1.642531 
1.033300 1.642100 
1.033299 1.641554 
1.033314 1.640948 
1.033555 1.640521 
1.033246 1.639491 
1.031938 1.638372 
1.029813 1.636574 
1.029416 1.635759 
1.029685 1.635292 
1.029945 1.634853 
1.030203 1.634412 
1.030723 1.634093 
1.031725 1.634090 
1.032565 1.634006 
1.032856 1.633562 
1.033074 1.633168 
1.033323 1.632747 
1.033561 1.632341 
1.033816 1.631911 
1.034064 1.631488 
1.034299 1.631092 
1.034532 1.630696 
1.034765 1.630300 
1.035009 1.629887 
1.035262 1.629455 
1.035512 1.629033 
1.035766 1.628603 
1.036019 1.628172 
1.036274 1.627741 
1.036523 1.627319 
1.036776 1.626889 
1.037046 1.626432 
1.037304 1.625992 
1.037354 1.625267 
1.036505 1.624279 
1.036591 1.623785 
1.036833 1.623358 
1.037087 1.622915 
1.037371 1.622468 
1.037621 1.622012 
1.037884 1.621575 
1.038142 1.621134 
1.038395 1.620703 
1.038655 1.620265 
1.038914 1.619825 
1.039167 1.619394 
1.038859 1.618563 
1.038091 1.617587 
1.038286 1.617145 
1.038528 1.616730 
1.038181 1.615725 
1.037392 1.614866 
1.037565 1.614410 
1.037812 1.613988 
1.038063 1.613566 
1.038312 1.613144 
1.038561 1.612722 
1.038794 1.612325 
1.039055 1.611887 
1.039307 1.611456 
1.039545 1.611073 
1.039760 1.610690 
1.040004 1.610276 
1.040258 1.609845 
1.040517 1.609407 
1.040756 1.609002 
1.041027 1.608546 
1.041274 1.608122 
1.041524 1.607701 
1.041798 1.607236 
1.042042 1.606822 
1.041641 1.605785 
1.040799 1.604860 
1.040936 1.604371 
1.041201 1.603912 
1.041467 1.603465 
1.041731 1.603017 
1.041984 1.602586 
1.042259 1.602121 
1.042562 1.601696 
1.043181 1.601470 
1.043412 1.601072 
1.043681 1.600615 
1.043950 1.600158 
1.044215 1.599711 
1.044457 1.599295 
