10.994704 0.155903 
10.995100 0.155645 
10.995368 0.155687 
10.995707 0.155361 
10.996186 0.155111 
10.996627 0.154898 
10.997112 0.154683 
10.997576 0.154403 
10.998027 0.154165 
10.998451 0.153941 
10.998897 0.153713 
10.999370 0.153476 
10.999833 0.153238 
11.000278 0.153011 
11.000897 0.152683 
11.001177 0.152527 
11.001645 0.152280 
11.002111 0.152027 
11.002555 0.151796 
11.003009 0.151542 
11.003439 0.151306 
11.003874 0.151059 
11.004358 0.150798 
11.004765 0.150539 
11.005183 0.150324 
11.005620 0.150103 
11.006065 0.149874 
11.006520 0.149644 
11.006984 0.149409 
11.007429 0.149181 
11.007866 0.148959 
11.008522 0.148484 
11.008715 0.148466 
11.009107 0.148245 
11.009551 0.148037 
11.009991 0.147821 
11.010422 0.147588 
11.010834 0.147362 
11.011280 0.147134 
11.011689 0.146922 
11.012100 0.146715 
11.012524 0.146491 
11.012941 0.146231 
11.013395 0.145997 
11.013860 0.145764 
11.014304 0.145534 
11.014787 0.145116 
11.015275 0.144951 
11.015765 0.144678 
11.016101 0.144523 
11.016675 0.144285 
11.017096 0.143899 
11.017418 0.143739 
11.017836 0.143457 
11.018372 0.143319 
11.018804 0.143066 
11.019247 0.142746 
11.019724 0.142559 
11.020381 0.142306 
11.020734 0.142075 
11.021029 0.141904 
11.021405 0.141474 
11.022053 0.141051 
11.022333 0.141072 
11.023121 0.141010 
11.023443 0.140387 
11.023800 0.140162 
11.024508 0.140230 
11.024816 0.139976 
11.025251 0.139463 
11.025686 0.139326 
11.025971 0.139225 
11.026426 0.138972 
11.026913 0.138849 
11.027226 0.138494 
11.027684 0.138268 
11.028390 0.138002 
11.028496 0.137813 
11.029029 0.137494 
11.029332 0.137362 
11.029814 0.137208 
11.030192 0.136977 
11.030732 0.136737 
11.031160 0.136476 
11.031688 0.136213 
11.031961 0.136044 
11.032392 0.135766 
11.032857 0.135556 
11.033318 0.135293 
11.033741 0.135087 
11.034185 0.134858 
11.034667 0.134614 
11.035130 0.134378 
11.035637 0.134118 
11.035996 0.133896 
11.036458 0.133659 
11.036927 0.133410 
11.037362 0.133186 
11.037817 0.132956 
11.038270 0.132720 
11.038698 0.132482 
11.039117 0.132247 
11.039596 0.131996 
11.040004 0.131719 
11.040415 0.131512 
11.040842 0.131293 
11.041297 0.131061 
11.041752 0.130831 
11.042215 0.130596 
11.042658 0.130341 
11.043113 0.130111 
11.043558 0.129883 
11.043946 0.129543 
11.044396 0.129413 
11.044813 0.129151 
11.045296 0.128910 
11.045673 0.128681 
11.046094 0.128473 
11.046522 0.128255 
11.046930 0.128043 
11.047351 0.127833 
11.047770 0.127619 
11.048196 0.127399 
11.048644 0.127154 
11.049086 0.126918 
11.049530 0.126689 
11.049981 0.126450 
11.050422 0.126215 
11.050867 0.125965 
11.051301 0.125737 
11.051739 0.125494 
11.052210 0.125253 
11.052691 0.125007 
11.053118 0.124722 
11.053655 0.124609 
11.054311 0.124243 
11.054693 0.123803 
11.054963 0.123695 
11.055398 0.123469 
11.055954 0.123062 
11.056265 0.122990 
11.056788 0.122805 
11.057234 0.122512 
11.057757 0.122217 
11.058232 0.121939 
11.058560 0.121767 
11.059027 0.121538 
11.059482 0.121285 
11.059962 0.121060 
11.060383 0.120830 
11.060849 0.120599 
11.061295 0.120373 
11.061722 0.120154 
11.062159 0.119932 
11.062552 0.119733 
11.062996 0.119505 
11.063415 0.119269 
11.063846 0.119035 
11.064261 0.118814 
11.064685 0.118589 
11.065101 0.118371 
11.065507 0.118155 
11.065968 0.117914 
11.066410 0.117680 
11.066831 0.117405 
11.067268 0.117183 
11.067724 0.116952 
11.068195 0.116710 
11.068607 0.116395 
11.069211 0.116236 
11.069572 0.115910 
11.069918 0.115707 
11.070419 0.115501 
11.070823 0.115236 
11.071310 0.115002 
11.071779 0.114733 
11.072169 0.114553 
11.072616 0.114307 
11.073052 0.114082 
11.073521 0.113858 
11.073942 0.113627 
11.074372 0.113413 
11.074853 0.113167 
11.075289 0.112944 
11.075707 0.112707 
11.076126 0.112472 
11.076587 0.112232 
11.077163 0.111930 
11.077489 0.111755 
11.077937 0.111510 
11.078391 0.111278 
11.078827 0.111033 
11.079280 0.110799 
11.079689 0.110589 
11.080069 0.110276 
11.080495 0.110011 
11.080996 0.109982 
11.081532 0.109624 
11.081839 0.109477 
11.082136 0.109178 
11.082614 0.108971 
11.083033 0.108826 
11.083403 0.108427 
11.083768 0.107734 
11.084492 0.108142 
11.084849 0.107542 
11.085448 0.107728 
11.085827 0.107327 
11.086292 0.107049 
11.086725 0.106861 
11.087034 0.106674 
11.087766 0.106328 
11.087911 0.106040 
11.088389 0.105899 
11.088790 0.105187 
11.089160 0.105010 
11.089991 0.105209 
11.090337 0.104589 
11.090962 0.104781 
11.091260 0.104308 
11.091581 0.104255 
11.092301 0.103950 
11.092470 0.103643 
11.092932 0.103338 
11.093334 0.103136 
11.093873 0.102849 
11.094383 0.102618 
11.094739 0.102501 
11.095268 0.102307 
11.095663 0.102090 
11.096179 0.101626 
11.096757 0.101682 
11.096989 0.100924 
11.097427 0.100816 
11.097821 0.100442 
11.098278 0.100327 
11.098664 0.100049 
11.099142 0.099886 
11.099507 0.099546 
11.100019 0.099449 
11.100388 0.099248 
11.101109 0.099363 
11.101423 0.099076 
11.101754 0.098536 
11.102243 0.098439 
11.102871 0.098350 
11.103129 0.097887 
11.103495 0.097879 
11.103985 0.097607 
11.104518 0.097309 
11.104823 0.097137 
11.105211 0.096882 
11.105686 0.096603 
11.106129 0.096394 
11.106549 0.096161 
11.107010 0.095943 
11.107467 0.095693 
11.107902 0.095468 
11.108358 0.095240 
11.108812 0.095007 
11.109257 0.094778 
11.109677 0.094546 
11.110165 0.094293 
11.110599 0.094065 
11.111016 0.093827 
11.111453 0.093604 
11.111916 0.093367 
11.112374 0.093121 
11.112821 0.092875 
11.113274 0.092641 
11.113712 0.092400 
11.114156 0.092170 
11.114601 0.091942 
11.114946 0.091648 
11.115399 0.091415 
11.116035 0.091098 
11.116429 0.091036 
11.116673 0.090699 
11.116985 0.090452 
11.117567 0.090163 
11.117889 0.090156 
11.118319 0.089811 
11.118586 0.089145 
11.119336 0.089493 
11.119658 0.088913 
11.120006 0.088605 
11.120552 0.088531 
11.120987 0.088263 
11.121629 0.088354 
11.121991 0.088073 
11.122354 0.087575 
11.122900 0.087369 
11.123414 0.087298 
11.123806 0.086768 
11.124161 0.086824 
11.124596 0.086510 
11.125090 0.086313 
11.125668 0.085993 
11.126144 0.085737 
11.126566 0.085553 
11.126763 0.085278 
11.127389 0.084921 
11.127864 0.084752 
11.128165 0.084573 
11.128611 0.084345 
11.129106 0.084239 
11.129457 0.083826 
11.130081 0.083751 
11.130369 0.083413 
11.130740 0.082862 
11.131385 0.082675 
11.131829 0.082291 
11.132227 0.082125 
11.132753 0.082408 
11.133313 0.082163 
11.133495 0.081596 
11.133980 0.081292 
11.134388 0.081014 
11.135074 0.081172 
11.135254 0.080886 
11.135774 0.080607 
11.136306 0.080328 
11.136509 0.080176 
11.137090 0.079775 
11.137537 0.079704 
11.137952 0.079330 
11.138246 0.079202 
11.138737 0.078977 
11.139183 0.078729 
11.139659 0.078495 
11.140027 0.078292 
11.140475 0.078047 
11.140936 0.077807 
11.141370 0.077580 
11.141809 0.077361 
11.142281 0.077120 
11.142748 0.076868 
11.143184 0.076622 
11.143642 0.076375 
11.144104 0.076136 
11.144551 0.075912 
11.144993 0.075678 
11.145475 0.075414 
11.145908 0.075184 
11.146330 0.074955 
11.146764 0.074727 
11.147184 0.074449 
11.147648 0.074216 
11.148102 0.073984 
11.148547 0.073755 
11.148985 0.073536 
11.149430 0.073307 
11.149867 0.073085 
11.150268 0.072881 
11.150696 0.072664 
11.151133 0.072442 
11.151560 0.072223 
11.152045 0.072183 
11.152772 0.072026 
11.152873 0.071738 
11.153703 0.072179 
11.154514 0.072560 
11.155026 0.072750 
11.155704 0.072981 
11.156195 0.072864 
11.156640 0.072638 
11.157243 0.072653 
11.157876 0.072794 
11.158571 0.073035 
11.159205 0.073157 
11.159527 0.072688 
11.159646 0.071776 
11.159811 0.070887 
11.160213 0.070595 
11.160663 0.070333 
11.161130 0.070082 
11.161606 0.069850 
11.162014 0.069570 
11.162106 0.068252 
11.162134 0.067489 
11.162679 0.067589 
11.163053 0.067201 
11.163376 0.066688 
11.163849 0.066427 
11.164155 0.065904 
11.164638 0.065773 
11.164954 0.065048 
11.165498 0.064926 
11.165823 0.064706 
11.166263 0.064424 
11.166536 0.063881 
11.167109 0.063396 
11.167878 0.063674 
11.167873 0.063156 
11.168416 0.063231 
11.169121 0.062918 
11.169445 0.062696 
11.169779 0.062337 
11.170090 0.062154 
11.170506 0.061892 
11.170954 0.061781 
11.171302 0.061559 
11.171658 0.061048 
11.172332 0.061247 
11.172766 0.060777 
11.173292 0.060642 
11.173554 0.060231 
11.174012 0.060226 
11.174375 0.059793 
11.174833 0.059612 
11.175369 0.059255 
11.175880 0.058959 
11.176205 0.058957 
11.176605 0.058641 
11.177041 0.058417 
11.177518 0.058185 
11.177985 0.057935 
11.178432 0.057712 
11.178887 0.057481 
11.179367 0.057234 
11.179796 0.057018 
11.180241 0.056791 
11.180724 0.056546 
11.181160 0.056322 
11.181588 0.056106 
11.182007 0.055761 
11.182562 0.055418 
11.182894 0.055343 
11.183513 0.055059 
11.183779 0.054855 
11.184201 0.054581 
11.184644 0.054372 
11.185167 0.054010 
11.185645 0.053869 
11.186091 0.053709 
11.186575 0.053359 
11.186779 0.053253 
11.187209 0.052996 
11.187677 0.052835 
11.187917 0.052359 
11.188512 0.051985 
11.189200 0.052190 
11.189271 0.051778 
11.189856 0.051562 
11.190182 0.051430 
11.190642 0.051143 
11.191093 0.050904 
11.191609 0.050662 
11.192062 0.050406 
11.192432 0.050229 
11.192875 0.049997 
11.193340 0.049741 
11.193789 0.049456 
11.194217 0.049217 
11.194688 0.048974 
11.195418 0.049084 
11.195753 0.048752 
11.196178 0.048505 
11.196585 0.048136 
11.197080 0.047742 
11.197621 0.047528 
11.197807 0.047275 
11.198339 0.047063 
11.199006 0.046742 
11.199212 0.046484 
11.199684 0.046243 
11.200162 0.046035 
11.200717 0.045759 
11.201035 0.045590 
11.201502 0.045361 
11.201976 0.045102 
11.202437 0.044883 
11.202850 0.044658 
11.203280 0.044446 
11.203680 0.044239 
11.204127 0.044015 
11.204554 0.043795 
11.204982 0.043578 
11.205409 0.043359 
11.205822 0.043135 
11.206231 0.042924 
11.206631 0.042718 
11.207070 0.042478 
11.207508 0.042236 
11.207946 0.041995 
11.208380 0.041766 
11.208834 0.041535 
11.209296 0.041297 
11.209713 0.040947 
11.210130 0.040731 
11.210638 0.040428 
11.210991 0.040150 
11.211527 0.040057 
11.211946 0.039801 
11.212379 0.039594 
11.212848 0.039347 
11.213313 0.039114 
11.213759 0.038887 
11.214213 0.038655 
11.214638 0.038365 
11.215074 0.038141 
11.215502 0.037926 
11.215983 0.037680 
11.216419 0.037457 
11.216838 0.037243 
11.217266 0.037026 
11.217720 0.036794 
11.218188 0.036497 
11.218657 0.036318 
11.219048 0.036006 
11.219471 0.035733 
11.220080 0.035344 
11.220287 0.035133 
11.220807 0.035095 
11.221261 0.034820 
11.221745 0.034514 
11.222200 0.034482 
11.222616 0.033866 
11.222823 0.033722 
11.223634 0.033992 
11.224026 0.033616 
11.224394 0.033348 
11.224607 0.032751 
11.225160 0.032560 
11.225705 0.032682 
11.226129 0.032391 
11.226412 0.031844 
11.226931 0.031629 
11.227471 0.031720 
11.227873 0.031342 
11.228072 0.031050 
11.228608 0.030889 
11.229121 0.030421 
11.229757 0.030370 
11.230009 0.030116 
11.230474 0.029883 
11.230986 0.029633 
11.231460 0.029374 
11.231886 0.029173 
11.232336 0.028934 
11.232781 0.028706 
11.233222 0.028404 
11.233692 0.028158 
11.234166 0.027921 
11.234610 0.027692 
11.235065 0.027461 
11.235511 0.027235 
11.235965 0.027003 
11.236411 0.026776 
11.236866 0.026545 
11.237330 0.026309 
11.237775 0.026059 
11.238202 0.025839 
11.238647 0.025545 
11.239031 0.025374 
11.239647 0.024975 
11.240031 0.024847 
11.240359 0.024654 
11.240759 0.024471 
11.241092 0.024199 
11.241507 0.023868 
11.241965 0.023775 
11.242470 0.023511 
11.242935 0.023257 
11.243437 0.023008 
11.243752 0.022834 
11.244197 0.022583 
11.244660 0.022346 
11.245120 0.022104 
11.245540 0.021892 
11.245985 0.021666 
11.246446 0.021424 
11.246887 0.021167 
11.247313 0.020946 
11.247740 0.020726 
11.248187 0.020479 
11.248640 0.020245 
11.249067 0.020004 
11.249520 0.019770 
11.249973 0.019535 
11.250405 0.019304 
11.250845 0.019066 
11.251269 0.018709 
11.251795 0.018508 
11.252284 0.018235 
11.252617 0.018029 
11.253072 0.017821 
11.253559 0.017519 
11.253926 0.017360 
11.254400 0.017101 
11.254832 0.016869 
11.255370 0.016602 
11.255726 0.016396 
11.256143 0.016180 
11.256568 0.015957 
11.257004 0.015733 
11.257432 0.015516 
11.257852 0.015304 
11.258288 0.015080 
11.258633 0.014766 
11.259202 0.014606 
11.259551 0.014365 
11.259805 0.014048 
11.260329 0.013910 
11.260840 0.013790 
11.261210 0.013305 
11.261627 0.012756 
11.262300 0.013109 
11.262408 0.012571 
11.262910 0.012345 
11.263487 0.012378 
11.264107 0.011941 
11.264457 0.011615 
11.264907 0.011551 
11.265261 0.011232 
11.265754 0.010988 
11.266228 0.010752 
11.266691 0.010514 
11.267154 0.010278 
11.267601 0.010053 
11.268037 0.009830 
11.268500 0.009595 
11.268972 0.009353 
11.269454 0.009109 
11.269882 0.008892 
11.270522 0.008474 
11.270800 0.008382 
11.271372 0.008116 
11.271623 0.007816 
11.272091 0.007698 
11.272568 0.007444 
11.273013 0.007217 
11.273449 0.006971 
11.273870 0.006740 
11.274280 0.006529 
11.274708 0.006268 
11.275143 0.006043 
11.275579 0.005820 
11.276017 0.005599 
11.276453 0.005375 
11.276859 0.005138 
11.277277 0.004922 
11.277750 0.004684 
11.278186 0.004460 
11.278588 0.004058 
11.279027 0.003841 
11.279613 0.003605 
11.279922 0.003351 
11.280427 0.003241 
11.280866 0.003089 
11.281370 0.002647 
11.281885 0.002533 
11.282133 0.002206 
11.282561 0.002054 
11.283001 0.001839 
11.283472 0.001596 
11.283926 0.001363 
11.284373 0.001140 
11.285008 0.000645 
11.285308 0.000684 
11.285684 0.000342 
11.286126 0.000086 
11.286780 -0.000127 
11.287069 -0.000309 
11.287520 -0.000480 
11.288022 -0.000751 
11.288502 -0.000910 
11.288976 -0.001544 
11.289421 -0.001684 
11.289682 -0.001855 
11.290379 -0.002052 
11.290578 -0.002321 
11.291175 -0.002647 
11.291566 -0.002806 
11.291779 -0.003048 
11.292284 -0.003114 
11.292692 -0.003371 
11.293063 -0.003680 
11.293651 -0.003693 
11.293855 -0.004329 
11.294375 -0.004608 
11.294768 -0.004806 
11.295246 -0.004947 
11.295735 -0.004779 
11.296271 -0.005136 
11.296436 -0.005585 
11.297048 -0.005815 
11.297387 -0.005878 
11.297726 -0.006313 
11.298304 -0.006368 
11.298960 -0.006666 
11.299143 -0.006989 
11.299652 -0.007292 
11.300341 -0.007459 
11.300587 -0.007681 
11.301080 -0.008078 
11.301485 -0.008209 
11.302076 -0.008636 
11.302727 -0.008502 
11.302802 -0.009127 
11.303436 -0.009271 
11.303904 -0.009167 
11.304448 -0.009486 
11.304622 -0.010005 
11.305162 -0.010377 
11.305600 -0.010551 
11.306112 -0.010736 
11.306470 -0.011048 
11.306909 -0.011243 
11.307501 -0.011468 
11.308100 -0.011415 
11.308184 -0.011912 
11.308686 -0.012248 
11.309089 -0.012229 
11.309483 -0.012469 
11.310221 -0.012717 
11.310399 -0.012941 
11.310825 -0.013095 
11.311253 -0.013356 
11.311675 -0.013609 
11.312186 -0.013928 
11.312654 -0.014133 
11.312986 -0.014318 
11.313417 -0.014486 
11.314080 -0.014770 
11.314260 -0.014968 
11.314882 -0.015377 
11.315128 -0.015534 
11.315766 -0.015557 
11.316037 -0.015996 
11.316454 -0.016256 
11.317015 -0.016368 
11.317443 -0.016562 
11.318096 -0.016690 
11.318399 -0.017330 
11.318728 -0.017390 
11.319274 -0.017595 
11.319750 -0.017873 
11.320487 -0.017922 
11.320525 -0.018620 
11.321082 -0.018760 
11.321608 -0.018653 
11.322152 -0.018995 
11.322292 -0.019491 
11.322866 -0.019731 
11.323335 -0.019647 
11.323802 -0.020052 
11.324028 -0.020336 
11.324593 -0.020393 
11.324966 -0.020786 
11.325417 -0.020979 
11.326019 -0.021384 
11.326520 -0.021435 
11.326678 -0.021720 
11.327208 -0.022200 
11.327666 -0.022226 
11.328192 -0.022317 
11.328366 -0.022836 
11.328816 -0.022856 
11.329323 -0.022917 
11.329648 -0.023447 
11.330195 -0.023475 
11.330424 -0.023665 
11.330891 -0.023896 
11.331364 -0.024113 
11.331823 -0.024312 
11.332248 -0.024647 
11.332850 -0.024874 
11.333403 -0.025022 
11.333765 -0.025413 
11.334161 -0.025429 
11.334545 -0.025909 
11.335037 -0.026066 
11.335429 -0.026332 
11.335883 -0.026544 
11.336362 -0.026793 
11.336812 -0.027055 
11.337261 -0.027274 
11.337712 -0.027513 
11.338149 -0.027734 
11.338587 -0.027955 
11.339032 -0.028182 
11.339495 -0.028420 
11.339946 -0.028680 
11.340400 -0.028913 
11.340837 -0.029156 
11.341290 -0.029389 
11.341762 -0.029631 
11.342197 -0.029879 
11.342668 -0.030122 
11.343115 -0.030390 
11.343578 -0.030626 
11.344006 -0.030843 
11.344408 -0.031134 
11.344842 -0.031317 
11.345432 -0.031614 
11.345700 -0.031880 
11.346293 -0.032237 
11.346563 -0.032235 
11.346906 -0.032619 
11.347408 -0.032735 
11.347833 -0.033025 
11.348235 -0.033249 
11.349032 -0.033161 
11.349188 -0.033760 
11.349840 -0.033758 
11.349939 -0.034225 
11.350474 -0.034584 
11.350890 -0.034891 
11.351327 -0.035069 
11.351806 -0.035275 
11.352491 -0.035207 
11.352840 -0.035469 
11.353189 -0.035973 
11.353598 -0.036229 
11.354284 -0.036225 
11.354687 -0.036359 
11.355147 -0.036624 
11.355373 -0.037283 
11.356127 -0.037169 
11.356167 -0.037620 
11.356918 -0.037753 
11.357185 -0.038043 
11.357681 -0.038215 
11.358004 -0.038463 
11.358406 -0.038732 
11.358866 -0.038953 
11.359421 -0.039051 
11.359988 -0.039215 
11.360357 -0.039374 
11.360793 -0.039596 
11.361179 -0.039940 
11.361592 -0.040231 
11.361987 -0.040449 
11.362413 -0.040670 
11.362858 -0.040897 
11.363286 -0.041114 
11.363706 -0.041326 
11.364150 -0.041554 
11.364560 -0.041763 
11.364904 -0.042102 
11.365328 -0.042326 
11.365768 -0.042542 
11.366265 -0.042712 
11.366888 -0.043010 
11.367300 -0.043457 
11.367444 -0.043747 
11.368029 -0.043702 
11.368414 -0.044069 
11.368954 -0.044133 
11.369330 -0.044431 
11.369861 -0.044579 
11.370393 -0.044680 
11.370993 -0.045044 
11.371191 -0.045383 
11.371625 -0.045676 
11.372094 -0.045901 
11.372550 -0.046107 
11.373043 -0.046285 
11.373610 -0.046715 
11.373957 -0.047002 
11.374384 -0.047222 
11.374761 -0.047319 
11.375235 -0.047622 
11.375680 -0.047849 
11.376137 -0.048077 
11.376581 -0.048307 
11.377045 -0.048541 
11.377491 -0.048768 
11.377953 -0.049006 
11.378409 -0.049234 
11.378837 -0.049517 
11.379268 -0.049752 
11.379688 -0.049962 
11.380080 -0.050163 
11.380516 -0.050385 
11.380935 -0.050598 
11.381354 -0.050811 
11.381753 -0.051065 
11.382167 -0.051286 
11.382585 -0.051501 
11.382987 -0.051704 
11.383450 -0.051940 
11.383887 -0.052163 
11.384341 -0.052394 
11.384771 -0.052631 
11.385233 -0.052868 
11.385644 -0.053207 
11.386210 -0.053330 
11.386526 -0.053723 
11.387039 -0.053864 
11.387508 -0.054110 
11.388061 -0.054391 
11.388461 -0.054707 
11.388784 -0.054866 
11.389274 -0.055094 
11.389751 -0.055347 
11.390260 -0.055582 
11.390627 -0.055787 
11.391082 -0.056017 
11.391525 -0.056248 
11.391955 -0.056485 
11.392436 -0.056730 
11.392855 -0.056944 
11.393282 -0.057161 
11.393708 -0.057384 
11.394160 -0.057619 
11.394615 -0.057851 
11.395061 -0.058121 
11.395512 -0.058359 
11.395954 -0.058592 
11.396406 -0.058829 
11.396846 -0.059067 
11.397241 -0.059282 
11.397665 -0.059508 
11.398094 -0.059811 
11.398561 -0.059952 
11.399130 -0.060333 
11.399511 -0.060445 
11.399829 -0.060658 
11.400567 -0.060707 
11.400618 -0.061444 
11.401135 -0.061243 
11.401322 -0.061736 
11.401761 -0.062108 
11.402425 -0.061885 
11.402823 -0.062601 
11.403491 -0.062480 
11.403728 -0.062829 
11.404101 -0.063045 
11.404580 -0.063227 
11.405038 -0.063562 
11.405418 -0.063898 
11.405975 -0.064126 
11.406559 -0.064346 
11.407059 -0.064378 
11.407427 -0.064647 
11.407648 -0.065293 
11.408395 -0.065081 
11.408782 -0.065358 
11.409434 -0.065576 
11.409860 -0.065973 
11.410229 -0.066483 
11.410639 -0.066250 
11.411173 -0.066657 
11.411605 -0.066998 
11.411933 -0.067191 
11.412330 -0.067382 
11.412762 -0.067700 
11.413244 -0.067901 
11.413560 -0.068315 
11.414161 -0.068744 
11.414719 -0.068751 
11.414938 -0.068916 
11.415434 -0.069329 
11.415871 -0.069440 
11.416335 -0.069675 
11.416740 -0.069761 
11.416991 -0.070018 
11.417508 -0.070149 
11.417903 -0.070343 
11.418393 -0.070593 
11.418793 -0.070931 
11.419253 -0.071217 
11.419899 -0.071162 
11.420331 -0.071415 
11.420450 -0.071975 
11.421106 -0.071942 
11.421438 -0.072349 
11.421918 -0.072617 
11.422376 -0.072731 
11.422717 -0.073055 
11.423206 -0.073306 
11.423676 -0.073551 
11.424156 -0.073777 
11.424524 -0.073980 
11.424960 -0.074205 
11.425408 -0.074427 
11.425853 -0.074654 
11.426315 -0.074894 
11.426745 -0.075108 
11.427178 -0.075337 
11.427649 -0.075601 
11.428079 -0.075836 
11.428506 -0.076078 
11.429085 -0.076440 
11.429330 -0.076621 
11.429784 -0.076853 
11.430248 -0.077087 
11.430693 -0.077314 
11.431139 -0.077540 
11.431594 -0.077771 
11.432039 -0.077999 
11.432449 -0.078208 
11.432877 -0.078425 
11.433314 -0.078648 
11.433742 -0.078864 
11.434234 -0.079287 
11.434676 -0.079432 
11.435066 -0.079658 
11.435366 -0.079840 
11.435791 -0.079952 
11.436199 -0.080209 
11.436584 -0.080490 
11.437170 -0.080860 
11.437418 -0.081078 
11.437995 -0.081155 
11.438420 -0.081490 
11.438909 -0.081742 
11.439280 -0.081961 
11.439717 -0.082182 
11.440213 -0.082420 
11.440680 -0.082671 
11.441139 -0.082894 
11.441627 -0.083147 
11.442100 -0.083387 
11.442581 -0.083632 
11.443037 -0.083863 
11.443504 -0.084114 
11.443926 -0.084364 
11.444356 -0.084600 
11.444812 -0.084829 
11.445281 -0.085075 
11.445727 -0.085323 
11.446187 -0.085567 
11.446611 -0.085813 
11.447056 -0.086042 
11.447501 -0.086292 
11.447958 -0.086651 
11.448345 -0.086859 
11.448806 -0.087122 
11.449396 -0.087440 
11.449694 -0.087604 
11.450047 -0.087837 
11.450471 -0.088061 
11.450931 -0.088260 
11.451383 -0.088475 
11.451811 -0.088692 
11.452235 -0.088916 
11.452603 -0.089275 
11.453065 -0.089402 
11.453445 -0.089692 
11.453918 -0.089932 
11.454356 -0.090152 
11.454808 -0.090387 
11.455447 -0.090764 
11.455791 -0.090991 
11.456216 -0.091390 
11.456758 -0.091427 
11.456970 -0.091717 
11.457403 -0.091947 
11.457881 -0.092132 
11.458342 -0.092417 
11.458737 -0.092677 
11.459262 -0.092946 
11.459612 -0.093117 
11.460067 -0.093370 
11.460493 -0.093635 
11.460981 -0.093911 
11.461380 -0.094165 
11.461814 -0.094394 
11.462254 -0.094632 
11.462720 -0.094907 
11.463151 -0.095140 
11.463570 -0.095398 
11.463995 -0.095642 
11.464433 -0.095907 
11.464882 -0.096171 
11.465323 -0.096428 
11.465755 -0.096681 
11.466186 -0.096938 
11.466619 -0.097189 
11.467039 -0.097445 
11.467423 -0.097681 
11.467847 -0.098060 
11.468173 -0.098259 
11.468603 -0.098537 
11.469162 -0.098895 
11.469419 -0.098940 
11.469805 -0.099152 
11.470172 -0.099445 
11.470601 -0.099617 
11.471004 -0.099882 
11.471408 -0.100191 
11.471866 -0.100415 
11.472288 -0.100711 
11.472714 -0.100976 
11.473162 -0.101220 
11.473602 -0.101502 
11.474043 -0.101739 
11.474456 -0.102052 
11.474925 -0.102320 
11.475383 -0.102611 
11.475820 -0.102854 
11.476301 -0.103101 
11.476773 -0.103340 
11.477237 -0.103598 
11.477659 -0.103871 
11.478029 -0.104400 
11.478379 -0.104662 
11.478815 -0.104884 
11.479224 -0.105294 
11.479634 -0.105546 
11.480186 -0.105654 
11.480470 -0.106156 
11.480903 -0.106429 
11.481391 -0.106593 
11.482027 -0.106975 
11.482224 -0.107228 
11.482569 -0.107631 
11.483079 -0.107775 
11.483550 -0.108282 
11.483938 -0.108557 
11.484520 -0.108559 
11.484878 -0.108848 
11.485064 -0.109342 
11.485404 -0.109733 
11.485966 -0.110061 
11.486288 -0.110509 
11.486998 -0.110128 
11.487132 -0.110658 
11.487362 -0.111110 
11.487977 -0.111533 
11.488332 -0.111432 
11.488815 -0.111806 
11.489320 -0.111938 
11.489524 -0.112838 
11.490112 -0.112631 
11.490523 -0.112859 
11.490894 -0.113343 
11.491334 -0.113647 
11.491542 -0.114295 
11.491931 -0.114767 
11.492344 -0.114948 
11.492979 -0.114846 
11.493250 -0.115482 
11.493512 -0.115716 
11.494019 -0.115912 
11.494392 -0.116258 
11.494748 -0.116750 
11.495239 -0.117261 
11.495722 -0.117438 
11.496051 -0.117652 
11.496470 -0.118063 
11.496820 -0.118213 
11.497335 -0.118724 
11.497675 -0.119070 
11.498085 -0.119455 
11.498382 -0.119555 
11.498873 -0.120200 
11.499147 -0.120279 
11.499563 -0.120563 
11.500044 -0.120764 
11.500333 -0.121145 
11.500640 -0.121623 
11.501141 -0.121785 
11.501338 -0.122279 
11.501795 -0.122572 
11.502140 -0.122864 
11.502588 -0.123152 
11.502990 -0.123464 
11.503468 -0.123826 
11.503652 -0.124060 
11.504021 -0.124437 
11.504431 -0.124779 
11.504818 -0.125121 
11.505225 -0.125467 
11.505599 -0.125836 
11.505984 -0.126202 
11.506382 -0.126544 
11.506741 -0.126920 
11.507164 -0.127279 
11.507574 -0.127643 
11.507927 -0.128028 
11.508319 -0.128406 
11.508721 -0.128761 
11.509083 -0.129197 
11.509552 -0.129929 
11.509913 -0.130167 
11.510301 -0.130397 
11.510633 -0.130561 
11.510972 -0.130931 
11.511356 -0.131698 
11.511742 -0.131754 
11.512101 -0.132240 
11.512458 -0.132642 
11.512819 -0.132990 
11.513227 -0.133712 
11.513561 -0.134004 
11.514237 -0.133976 
11.514385 -0.134810 
11.514779 -0.134785 
11.515066 -0.135390 
11.515448 -0.135698 
11.515739 -0.136096 
11.516071 -0.136568 
11.516486 -0.136855 
11.516795 -0.137241 
11.517179 -0.137655 
11.517516 -0.137985 
11.517880 -0.138306 
11.518198 -0.138716 
11.518583 -0.139062 
11.518957 -0.139387 
11.519327 -0.139762 
11.519669 -0.140149 
11.520051 -0.140522 
11.520406 -0.140971 
11.520775 -0.141393 
11.521132 -0.141728 
11.521470 -0.142165 
11.521831 -0.142602 
11.522232 -0.142983 
11.522531 -0.143454 
11.522903 -0.143804 
11.523280 -0.144254 
11.523545 -0.144900 
11.524023 -0.145616 
11.524267 -0.145753 
11.524864 -0.146233 
11.525023 -0.146606 
11.525330 -0.147015 
11.525718 -0.147466 
11.526085 -0.147825 
11.526407 -0.148273 
11.526767 -0.148601 
11.527088 -0.149074 
11.527447 -0.149492 
11.527746 -0.150029 
11.528091 -0.150432 
11.528448 -0.150836 
11.528766 -0.151336 
11.529107 -0.151766 
11.529418 -0.152148 
11.529725 -0.152625 
11.530067 -0.153012 
11.530423 -0.153415 
11.530657 -0.153992 
11.530994 -0.154388 
11.531329 -0.154744 
11.531598 -0.155318 
11.531942 -0.155634 
11.532263 -0.156105 
11.532639 -0.156490 
11.532960 -0.156962 
11.533291 -0.157436 
11.533592 -0.157970 
11.533944 -0.158380 
11.534216 -0.158970 
11.534543 -0.159431 
11.534837 -0.159933 
11.535177 -0.160433 
11.535462 -0.161042 
11.535798 -0.161463 
11.536108 -0.162022 
11.536398 -0.162620 
11.536710 -0.163176 
11.536975 -0.163758 
11.537387 -0.164447 
11.537610 -0.164804 
11.538013 -0.165357 
11.538264 -0.165942 
11.538604 -0.166554 
11.538773 -0.166928 
11.539094 -0.167752 
11.539313 -0.168160 
11.539723 -0.168786 
11.540020 -0.169329 
11.540286 -0.169908 
11.540566 -0.170503 
11.540821 -0.171127 
11.541051 -0.171801 
11.541285 -0.172158 
11.541632 -0.172755 
11.541907 -0.173250 
11.542175 -0.173850 
11.542408 -0.174163 
11.542668 -0.174953 
11.542961 -0.175458 
11.543148 -0.176082 
11.543163 -0.176781 
11.543299 -0.177461 
11.543824 -0.177555 
11.543970 -0.178724 
11.544305 -0.179145 
11.544440 -0.179806 
11.544793 -0.179994 
11.545105 -0.180660 
11.545264 -0.181405 
11.545542 -0.181919 
11.545908 -0.182279 
11.546283 -0.182755 
11.546731 -0.183022 
11.547120 -0.183447 
11.547374 -0.183918 
11.547742 -0.184385 
11.548100 -0.185227 
11.548321 -0.185542 
11.548730 -0.185796 
11.549158 -0.186101 
11.548882 -0.188010 
11.549039 -0.188872 
11.549330 -0.189468 
11.549451 -0.189847 
11.549843 -0.190532 
11.550086 -0.190849 
11.550488 -0.191052 
11.550896 -0.191417 
11.551451 -0.191936 
11.551948 -0.191952 
11.552370 -0.192313 
11.552534 -0.193027 
11.552825 -0.193581 
11.552723 -0.194862 
11.552631 -0.195726 
11.553042 -0.195958 
11.553511 -0.196204 
11.553755 -0.196761 
11.553942 -0.197452 
11.554216 -0.197971 
11.554587 -0.198279 
11.554623 -0.199245 
11.554838 -0.199902 
11.555175 -0.200475 
11.555472 -0.200906 
11.555723 -0.201494 
11.556267 -0.201571 
11.556525 -0.202166 
11.556641 -0.203062 
11.556889 -0.203656 
11.557145 -0.204696 
11.557241 -0.205213 
11.557335 -0.206219 
11.557660 -0.207212 
11.557768 -0.207618 
11.558208 -0.207944 
11.558482 -0.208595 
11.558730 -0.209233 
11.559094 -0.210060 
11.559293 -0.210443 
11.559670 -0.211069 
11.559769 -0.212042 
11.438682 -0.082081 
11.440307 -0.082370 
11.440492 -0.082770 
11.441355 -0.083319 
11.442294 -0.083789 
11.442794 -0.084289 
11.443162 -0.084779 
11.443454 -0.085259 
11.445158 -0.085958 
11.445543 -0.086218 
11.446518 -0.086888 
11.446856 -0.087278 
11.448597 -0.087938 
11.450151 -0.088428 
11.450434 -0.088748 
11.450842 -0.089207 
11.452290 -0.089937 
11.452177 -0.090407 
11.452336 -0.090757 
11.452912 -0.091237 
11.456026 -0.091937 
11.456441 -0.092246 
11.457775 -0.092756 
11.458394 -0.093296 
11.459770 -0.093806 
11.459818 -0.094336 
11.461132 -0.094876 
11.462090 -0.095365 
11.463386 -0.096035 
11.463997 -0.096405 
11.464220 -0.096855 
11.464883 -0.097445 
11.466789 -0.098055 
11.467512 -0.098425 
11.467829 -0.098884 
11.469298 -0.099594 
11.469696 -0.099914 
11.470103 -0.100414 
11.470681 -0.100934 
11.472160 -0.101574 
11.472549 -0.101884 
11.473793 -0.102533 
11.475002 -0.103043 
11.475963 -0.103373 
11.476559 -0.103773 
11.477395 -0.104273 
11.477651 -0.104753 
11.478684 -0.105193 
11.479166 -0.105663 
11.479724 -0.106152 
11.480682 -0.106632 
11.480950 -0.107152 
11.481717 -0.107662 
11.482490 -0.108182 
11.483210 -0.108702 
11.484518 -0.109192 
11.485071 -0.109681 
11.485504 -0.110191 
11.486237 -0.110721 
11.486577 -0.111241 
11.486598 -0.111741 
11.486971 -0.112421 
11.487528 -0.112841 
11.487890 -0.113611 
11.488041 -0.113831 
11.488050 -0.114341 
11.488050 -0.114851 
11.491254 -0.115490 
11.491306 -0.116200 
11.490520 -0.116361 
11.490431 -0.116851 
11.490434 -0.117351 
11.490433 -0.117841 
11.490432 -0.118351 
11.490432 -0.118861 
11.490604 -0.119371 
11.492937 -0.119890 
11.494246 -0.120400 
11.498487 -0.121119 
11.498728 -0.121669 
11.497769 -0.122149 
11.498536 -0.122389 
11.498596 -0.122879 
11.498606 -0.123359 
11.498608 -0.123819 
11.498607 -0.124349 
11.499221 -0.124809 
11.502414 -0.125468 
11.503515 -0.125788 
11.503501 -0.126198 
11.503506 -0.126708 
11.503504 -0.127218 
11.503784 -0.127678 
11.504800 -0.128198 
11.505394 -0.128698 
11.505811 -0.129188 
11.506767 -0.129728 
11.507024 -0.130208 
11.507031 -0.130728 
11.507101 -0.131248 
11.510462 -0.131927 
11.510505 -0.132267 
11.510965 -0.132777 
11.511601 -0.133517 
11.511596 -0.134067 
11.512787 -0.134427 
11.511686 -0.134837 
11.512952 -0.135597 
11.512294 -0.135907 
11.512643 -0.136497 
11.513415 -0.137127 
11.513175 -0.137357 
11.513417 -0.137857 
11.514290 -0.138356 
11.514526 -0.138846 
11.514891 -0.139336 
11.515641 -0.139846 
11.516108 -0.140346 
11.516154 -0.140866 
11.517075 -0.141356 
11.517718 -0.141816 
11.518001 -0.142296 
11.518348 -0.142776 
11.518949 -0.143306 
11.519652 -0.143935 
11.519804 -0.144235 
11.519928 -0.144715 
11.520952 -0.145165 
11.521324 -0.145905 
11.521675 -0.146185 
11.521983 -0.146805 
11.522382 -0.147175 
11.523077 -0.147855 
11.523409 -0.148205 
11.523922 -0.148815 
11.524532 -0.149355 
11.525047 -0.149795 
11.525499 -0.150304 
11.525961 -0.150834 
11.526352 -0.151324 
11.526948 -0.151884 
11.527428 -0.152364 
11.527685 -0.152834 
11.528190 -0.153454 
11.528590 -0.153914 
11.529115 -0.154494 
11.529636 -0.154954 
11.529835 -0.155314 
11.530424 -0.155964 
11.530871 -0.156483 
11.531082 -0.156843 
11.531531 -0.157513 
11.531732 -0.157873 
11.532215 -0.158563 
11.532560 -0.159013 
11.532980 -0.159523 
11.533217 -0.159913 
11.533725 -0.160543 
11.534128 -0.161053 
11.534498 -0.161593 
11.534868 -0.162033 
11.535127 -0.162523 
11.535528 -0.163023 
11.535733 -0.163343 
11.536289 -0.164033 
11.536667 -0.164272 
11.536695 -0.164752 
11.537110 -0.165302 
11.537437 -0.165682 
11.537702 -0.166142 
11.537856 -0.166661 
11.538311 -0.167161 
11.538541 -0.167631 
11.538844 -0.168151 
11.539171 -0.168661 
11.539435 -0.169151 
11.539823 -0.169701 
11.540437 -0.170431 
11.540298 -0.170691 
11.540880 -0.171211 
11.541187 -0.171811 
11.541626 -0.172491 
11.541472 -0.172721 
11.542052 -0.173241 
11.542328 -0.173750 
11.542573 -0.174260 
11.542732 -0.174770 
11.543155 -0.175280 
11.543343 -0.175770 
11.543543 -0.176270 
11.543759 -0.176770 
11.543917 -0.177280 
11.544241 -0.177760 
11.544516 -0.178250 
11.544717 -0.178750 
11.544998 -0.179260 
11.545298 -0.179760 
11.545519 -0.180280 
11.545804 -0.180790 
11.546009 -0.181290 
11.546280 -0.181750 
11.546583 -0.182250 
11.546785 -0.182720 
11.546960 -0.183240 
11.547272 -0.183690 
11.547522 -0.184180 
11.547690 -0.184660 
11.547962 -0.185110 
11.548097 -0.185599 
11.548467 -0.186079 
11.548637 -0.186549 
11.548828 -0.187079 
11.549153 -0.187579 
11.549404 -0.188099 
11.549700 -0.188599 
11.549874 -0.189109 
11.550118 -0.189579 
11.550276 -0.190079 
11.550632 -0.190609 
11.550875 -0.191129 
11.551079 -0.191629 
11.551316 -0.192179 
11.551475 -0.192699 
11.552072 -0.193519 
11.552171 -0.193749 
11.552374 -0.194269 
11.552444 -0.194799 
11.552765 -0.195299 
11.553188 -0.196109 
11.553378 -0.196569 
11.553363 -0.196849 
11.553635 -0.197359 
11.553780 -0.197848 
11.553954 -0.198368 
11.554360 -0.199148 
11.554181 -0.199388 
11.554596 -0.199898 
11.554809 -0.200398 
11.554891 -0.200908 
11.555015 -0.201418 
11.555492 -0.202138 
11.555570 -0.202508 
11.555570 -0.202878 
11.555865 -0.203378 
11.555941 -0.203808 
11.556152 -0.204298 
11.556268 -0.204778 
11.556400 -0.205258 
11.556802 -0.205968 
11.556947 -0.206478 
11.556833 -0.206718 
11.557197 -0.207238 
11.557450 -0.207708 
11.557692 -0.208228 
11.557741 -0.208728 
11.558014 -0.209448 
11.558105 -0.209748 
11.558218 -0.210248 
11.558500 -0.210998 
11.558377 -0.211278 
11.558661 -0.211758 
11.558894 -0.212448 
11.558871 -0.212748 
11.559056 -0.213258 
11.559375 -0.213958 
11.559241 -0.214278 
11.559572 -0.214767 
11.559721 -0.215277 
11.559832 -0.215767 
11.559798 -0.216257 
11.560193 -0.216807 
11.560169 -0.217277 
11.560245 -0.217757 
11.560593 -0.218377 
11.560617 -0.218767 
11.560740 -0.219277 
11.560878 -0.219777 
11.560953 -0.220307 
11.561260 -0.221047 
11.561440 -0.221557 
11.561325 -0.221827 
11.561472 -0.222257 
11.561511 -0.222737 
11.561662 -0.223247 
11.561744 -0.223697 
11.561900 -0.224317 
11.562076 -0.224797 
11.561938 -0.225117 
11.562198 -0.225557 
11.562435 -0.226227 
11.562484 -0.226527 
11.562532 -0.227037 
11.562828 -0.227817 
11.562947 -0.228317 
11.562822 -0.228537 
11.563273 -0.229127 
11.563279 -0.229537 
11.563279 -0.230047 
11.563620 -0.230867 
11.563426 -0.231107 
11.563550 -0.231617 
11.563685 -0.232167 
11.563700 -0.232697 
11.563764 -0.233257 
11.563978 -0.233957 
11.563964 -0.234297 
11.563986 -0.234807 
11.564152 -0.235297 
11.564162 -0.235807 
11.564361 -0.236487 
11.564506 -0.237007 
11.564359 -0.237317 
11.564485 -0.237817 
11.564638 -0.238337 
11.564635 -0.238817 
11.564719 -0.239337 
11.564954 -0.240077 
11.564865 -0.240347 
11.565080 -0.241107 
11.565131 -0.241377 
11.565058 -0.241857 
11.565195 -0.242316 
11.565232 -0.242816 
11.565287 -0.243306 
11.565337 -0.243786 
11.565351 -0.244286 
11.565426 -0.244776 
11.565502 -0.245266 
11.565562 -0.245736 
11.565600 -0.246226 
11.565672 -0.246736 
11.565707 -0.247246 
11.565923 -0.247976 
11.565995 -0.248486 
11.565877 -0.248736 
11.565865 -0.249246 
11.566024 -0.249755 
11.566031 -0.250245 
11.566061 -0.250735 
11.566067 -0.251265 
11.566175 -0.251755 
11.566255 -0.252235 
11.566260 -0.252755 
11.566260 -0.253265 
11.566248 -0.253775 
11.566496 -0.254555 
11.566540 -0.255055 
11.566440 -0.255305 
11.566404 -0.255795 
11.566507 -0.256315 
11.566524 -0.256805 
11.566527 -0.257325 
11.566523 -0.257815 
11.566528 -0.258315 
11.566527 -0.258805 
11.566567 -0.259315 
11.566593 -0.259805 
11.566594 -0.260335 
11.566596 -0.260845 
11.566633 -0.261325 
11.566652 -0.261785 
11.566653 -0.262275 
11.566652 -0.262735 
11.566653 -0.263255 
11.566722 -0.263685 
11.566755 -0.264175 
11.566756 -0.264635 
11.566755 -0.265085 
11.566757 -0.265565 
11.566757 -0.266035 
11.566757 -0.266505 
11.566758 -0.267025 
11.566757 -0.267525 
11.566757 -0.268045 
11.566757 -0.268535 
11.566757 -0.269055 
11.566757 -0.269535 
11.566756 -0.270045 
11.566757 -0.270575 
11.566756 -0.271105 
11.566758 -0.271615 
11.566758 -0.272155 
11.566758 -0.272685 
11.566759 -0.273245 
11.566758 -0.273725 
11.566758 -0.274255 
11.566759 -0.274775 
11.566560 -0.275265 
11.566521 -0.275765 
11.566490 -0.276535 
11.566458 -0.276855 
11.566445 -0.277255 
11.566301 -0.278005 
11.566518 -0.278455 
11.566450 -0.278785 
11.566331 -0.279365 
11.566391 -0.279885 
11.566416 -0.280325 
11.566373 -0.280825 
11.566303 -0.281555 
11.566226 -0.281855 
11.566188 -0.282305 
11.566192 -0.282875 
11.566142 -0.283295 
11.566131 -0.283775 
11.566126 -0.284275 
11.566076 -0.284765 
11.566039 -0.285255 
11.565991 -0.285725 
11.565936 -0.286205 
11.565881 -0.286705 
11.565831 -0.287215 
11.565783 -0.287675 
11.565730 -0.288195 
11.565668 -0.288685 
11.565608 -0.289185 
11.565549 -0.289705 
11.565348 -0.290195 
11.565250 -0.290895 
11.565148 -0.291376 
11.565162 -0.291736 
11.565120 -0.292196 
11.565139 -0.292716 
11.565082 -0.293246 
11.564986 -0.293766 
11.564923 -0.294286 
11.564847 -0.294806 
11.564788 -0.295326 
11.564699 -0.295826 
11.564615 -0.296346 
11.564531 -0.296846 
11.564444 -0.297356 
11.564362 -0.297846 
11.564296 -0.298356 
11.564229 -0.298856 
11.563913 -0.299606 
11.563851 -0.300096 
11.563781 -0.300496 
11.563621 -0.301046 
11.563795 -0.301326 
11.563657 -0.301806 
11.563527 -0.302276 
11.563518 -0.302776 
11.563182 -0.303536 
11.563292 -0.303716 
11.563087 -0.304216 
11.563086 -0.304676 
11.562983 -0.305126 
11.562890 -0.305606 
11.562819 -0.306086 
11.562712 -0.306566 
11.562605 -0.307096 
11.562304 -0.307776 
11.562197 -0.308276 
11.562267 -0.308646 
11.562063 -0.309126 
11.561980 -0.309626 
11.561873 -0.310136 
11.561564 -0.310886 
11.561728 -0.311186 
11.561461 -0.311706 
11.561336 -0.312236 
11.561280 -0.312756 
11.560882 -0.313526 
11.560808 -0.314066 
11.560627 -0.314566 
11.560733 -0.314986 
11.560508 -0.315266 
11.560427 -0.315776 
11.560300 -0.316286 
11.559965 -0.317016 
11.559852 -0.317536 
11.559641 -0.318066 
11.559670 -0.318296 
11.559441 -0.319007 
11.559288 -0.319497 
11.559077 -0.320097 
11.559095 -0.320347 
11.558895 -0.320867 
11.558917 -0.321397 
11.558597 -0.322067 
11.558400 -0.322477 
11.558493 -0.322887 
11.558276 -0.323317 
11.557822 -0.324117 
11.558126 -0.324307 
11.557805 -0.324787 
11.557506 -0.325477 
11.557404 -0.325727 
11.557250 -0.326207 
11.557297 -0.326707 
11.557044 -0.327197 
11.556901 -0.327677 
11.556766 -0.328187 
11.556631 -0.328687 
11.556441 -0.329177 
11.556257 -0.329697 
11.556068 -0.330187 
11.555922 -0.330697 
11.555711 -0.331217 
11.555538 -0.331717 
11.555389 -0.332217 
11.555170 -0.332737 
11.554972 -0.333256 
11.554797 -0.333776 
11.554527 -0.334296 
11.554241 -0.334816 
11.554000 -0.335326 
11.553813 -0.335826 
11.553425 -0.336547 
11.553370 -0.336837 
11.553363 -0.337337 
11.552778 -0.338057 
11.552896 -0.338317 
11.552656 -0.338827 
11.552262 -0.339457 
11.552086 -0.339807 
11.551969 -0.340357 
11.551959 -0.340857 
11.551379 -0.341467 
11.551384 -0.342007 
11.551057 -0.342287 
11.550991 -0.342757 
11.550854 -0.343277 
11.550670 -0.343717 
11.550474 -0.344207 
11.550252 -0.344687 
11.550048 -0.345137 
11.549846 -0.345627 
11.549621 -0.346117 
11.549398 -0.346587 
11.549183 -0.347117 
11.548930 -0.347637 
11.548697 -0.348147 
11.548497 -0.348657 
11.548155 -0.349167 
11.547881 -0.349648 
11.547622 -0.350148 
11.547384 -0.350688 
11.547234 -0.351208 
11.546808 -0.351698 
11.546569 -0.352248 
11.546467 -0.352758 
11.546057 -0.353298 
11.545824 -0.353788 
11.545598 -0.354308 
11.545301 -0.354818 
11.545034 -0.355308 
11.544826 -0.355818 
11.544321 -0.356348 
11.543801 -0.357088 
11.543844 -0.357388 
11.543432 -0.357848 
11.542924 -0.358638 
11.542729 -0.359158 
11.542441 -0.359398 
11.542162 -0.359909 
11.541838 -0.360429 
11.541645 -0.360929 
11.541233 -0.361449 
11.540905 -0.361929 
11.540735 -0.362399 
11.540413 -0.362879 
11.539812 -0.363539 
11.539454 -0.364009 
11.539136 -0.364509 
11.538890 -0.365019 
11.538728 -0.365269 
11.538472 -0.365739 
11.538001 -0.366309 
11.537561 -0.366829 
11.537217 -0.367349 
11.536907 -0.367809 
11.536578 -0.368319 
11.536177 -0.368840 
11.535705 -0.369340 
11.535316 -0.369880 
11.535008 -0.370350 
11.534660 -0.370890 
11.534240 -0.371420 
11.533890 -0.371920 
11.533472 -0.372420 
11.533153 -0.372890 
11.532777 -0.373450 
11.532109 -0.373770 
11.531625 -0.374530 
11.531116 -0.374960 
11.530932 -0.375400 
11.530731 -0.375841 
11.530222 -0.376301 
11.530030 -0.376801 
11.529301 -0.377311 
11.528838 -0.377791 
11.528788 -0.378291 
11.528413 -0.379021 
11.528143 -0.379311 
11.527639 -0.379761 
11.526590 -0.380311 
11.526394 -0.380821 
11.525851 -0.381321 
11.525460 -0.381791 
11.525250 -0.382291 
11.524902 -0.382782 
11.524292 -0.383292 
11.523945 -0.383742 
11.523804 -0.384242 
11.523622 -0.384712 
11.523201 -0.385172 
11.522888 -0.385872 
11.522982 -0.386232 
11.522439 -0.386732 
11.522111 -0.387162 
11.521841 -0.387792 
11.521224 -0.388152 
11.520261 -0.388812 
11.519590 -0.389172 
11.518826 -0.389603 
11.518218 -0.390143 
11.517333 -0.390653 
11.516744 -0.391183 
11.516268 -0.391693 
11.515614 -0.392233 
11.515095 -0.392763 
11.514391 -0.393303 
11.513629 -0.393823 
11.513108 -0.394334 
11.512780 -0.394874 
11.511958 -0.395344 
11.511589 -0.395874 
11.511284 -0.396404 
11.510707 -0.396894 
11.510182 -0.397424 
11.509126 -0.397904 
11.509078 -0.398434 
11.509065 -0.398944 
11.509079 -0.399454 
11.508098 -0.400104 
11.507339 -0.400505 
11.507069 -0.400965 
11.506649 -0.401485 
11.506650 -0.401965 
11.506649 -0.402425 
11.506649 -0.402925 
11.506650 -0.403395 
11.506649 -0.403885 
11.506651 -0.404375 
11.506697 -0.404845 
11.506721 -0.405335 
11.506043 -0.405925 
11.505602 -0.406295 
11.504895 -0.406925 
11.504161 -0.407315 
11.503326 -0.407745 
11.503177 -0.408305 
11.502857 -0.408795 
11.501802 -0.409286 
11.500977 -0.409806 
11.501058 -0.410476 
11.500668 -0.410926 
11.500575 -0.411336 
11.499792 -0.411836 
11.499359 -0.412326 
11.497372 -0.413146 
11.496748 -0.413466 
11.497051 -0.414066 
11.496663 -0.414336 
11.496183 -0.415077 
11.494842 -0.415557 
11.494469 -0.415887 
11.493920 -0.416377 
11.493313 -0.417016 
11.493032 -0.417396 
11.492036 -0.418036 
11.491659 -0.418386 
11.490839 -0.419026 
11.490197 -0.419407 
11.489156 -0.419867 
11.488270 -0.420417 
11.487289 -0.420927 
11.483782 -0.421538 
11.481964 -0.421918 
11.478631 -0.422499 
11.478612 -0.423099 
11.478610 -0.423349 
11.478466 -0.423939 
11.478153 -0.424539 
11.477208 -0.424929 
11.477278 -0.425329 
11.477436 -0.425779 
11.477522 -0.426159 
11.477864 -0.426629 
11.478173 -0.427139 
11.479089 -0.427829 
11.479166 -0.428169 
11.478875 -0.428619 
11.478812 -0.429149 
11.476601 -0.429789 
11.476258 -0.430149 
11.476622 -0.430889 
11.477371 -0.431369 
11.478189 -0.431909 
11.476273 -0.432559 
11.476430 -0.432969 
11.475755 -0.433559 
11.474288 -0.433849 
11.472824 -0.434590 
11.469530 -0.435070 
11.468143 -0.435410 
11.465476 -0.436161 
11.464367 -0.436461 
11.463366 -0.436911 
11.461964 -0.437432 
11.460684 -0.437932 
11.459636 -0.438432 
11.459409 -0.438942 
11.458703 -0.439442 
11.457276 -0.440132 
11.456499 -0.440482 
11.455827 -0.441113 
11.455331 -0.441523 
11.452254 -0.442123 
11.451713 -0.442433 
11.451486 -0.442903 
11.451477 -0.443403 
11.451055 -0.443903 
11.450890 -0.444403 
11.449893 -0.444894 
11.449072 -0.445374 
11.447532 -0.446004 
11.446894 -0.446364 
11.445554 -0.447034 
11.445008 -0.447344 
11.444956 -0.447814 
11.443237 -0.448515 
11.442277 -0.449035 
11.440640 -0.449525 
11.439783 -0.450005 
11.439013 -0.450496 
11.438021 -0.451036 
11.437316 -0.451396 
11.436761 -0.452056 
11.436805 -0.452416 
11.435815 -0.452866 
11.435474 -0.453386 
11.434672 -0.454026 
11.433212 -0.454557 
11.432110 -0.454967 
11.426997 -0.455608 
11.426386 -0.455928 
11.426346 -0.456418 
11.426271 -0.456948 
11.422317 -0.457608 
11.421019 -0.457939 
11.421044 -0.458449 
11.421583 -0.458959 
11.421696 -0.459459 
11.422829 -0.460038 
11.420545 -0.460729 
11.419966 -0.461209 
11.419911 -0.461699 
11.419158 -0.461939 
11.417710 -0.462429 
11.416528 -0.462909 
11.416270 -0.463399 
11.415627 -0.463880 
11.413809 -0.464340 
11.412598 -0.464810 
11.412801 -0.465350 
11.412156 -0.465730 
11.411566 -0.466190 
11.410792 -0.466720 
11.409865 -0.467201 
11.408536 -0.467691 
11.407272 -0.468201 
11.406777 -0.468731 
11.405770 -0.469221 
11.405030 -0.469771 
11.404451 -0.470382 
11.403619 -0.470732 
11.403225 -0.471272 
11.397227 -0.471973 
11.396322 -0.472333 
11.396379 -0.472833 
11.398098 -0.473543 
11.397591 -0.473923 
11.397318 -0.474393 
11.396981 -0.474923 
11.394980 -0.475563 
11.394309 -0.476093 
11.394038 -0.476413 
11.393828 -0.476933 
11.392565 -0.477544 
11.392020 -0.477914 
11.389661 -0.478584 
11.387868 -0.479094 
11.387506 -0.479445 
11.387442 -0.479935 
11.386321 -0.480665 
11.385490 -0.481205 
11.385523 -0.481485 
11.384085 -0.481975 
11.383217 -0.482465 
11.383206 -0.482955 
11.381865 -0.483585 
11.380464 -0.484106 
11.379316 -0.484436 
11.379058 -0.484926 
11.378744 -0.485406 
11.377641 -0.485886 
11.376138 -0.486356 
11.375232 -0.486867 
11.375442 -0.487377 
11.375301 -0.487877 
11.374670 -0.488547 
11.373389 -0.489037 
11.372787 -0.489357 
11.369777 -0.490078 
11.369190 -0.490398 
11.367972 -0.490988 
11.367848 -0.491408 
11.366853 -0.491888 
11.364709 -0.492378 
11.364782 -0.492898 
11.363828 -0.493629 
11.363516 -0.493919 
11.361050 -0.494449 
11.360263 -0.494969 
11.353571 -0.495670 
11.351959 -0.496011 
11.353306 -0.496500 
11.354163 -0.497020 
11.354220 -0.497530 
11.354200 -0.498020 
11.354220 -0.498520 
11.353802 -0.499020 
11.353540 -0.499510 
11.351776 -0.500020 
11.350502 -0.500530 
11.349859 -0.501040 
11.349582 -0.501520 
11.348119 -0.502220 
11.347470 -0.502511 
11.346307 -0.503171 
11.345660 -0.503471 
11.344865 -0.503881 
11.343911 -0.504381 
11.342563 -0.504851 
11.341572 -0.505472 
11.342136 -0.505901 
11.339381 -0.506392 
11.341092 -0.506952 
11.337526 -0.507472 
11.338317 -0.508012 
11.336411 -0.508442 
11.336198 -0.508802 
11.334514 -0.509293 
11.334415 -0.509793 
11.332656 -0.510303 
11.331692 -0.510833 
11.331672 -0.511363 
11.331281 -0.511873 
11.330458 -0.512663 
11.329758 -0.512924 
11.329498 -0.513454 
11.328733 -0.513944 
11.327978 -0.514464 
11.326859 -0.514974 
11.326018 -0.515494 
11.323784 -0.516175 
11.322925 -0.516485 
11.321711 -0.517105 
11.320978 -0.517515 
11.320881 -0.517975 
11.319817 -0.518715 
11.319695 -0.519005 
11.318659 -0.519516 
11.317744 -0.520016 
11.316759 -0.520616 
11.315985 -0.521056 
11.314586 -0.521786 
11.313259 -0.522176 
11.312720 -0.522567 
11.312508 -0.523017 
11.311792 -0.523497 
11.310932 -0.523997 
11.310259 -0.524537 
11.309301 -0.524957 
11.308494 -0.525437 
11.308358 -0.525907 
11.307612 -0.526377 
11.307416 -0.526877 
11.305324 -0.527508 
11.304909 -0.527958 
11.304095 -0.528498 
11.302137 -0.529008 
11.300665 -0.529509 
11.299756 -0.530069 
11.299458 -0.530489 
11.299314 -0.530839 
11.296760 -0.531579 
11.294725 -0.531920 
11.294578 -0.532380 
11.293724 -0.533140 
11.293300 -0.533470 
11.292308 -0.533930 
11.290356 -0.534470 
11.289618 -0.535151 
11.285952 -0.535681 
11.285078 -0.536011 
11.283573 -0.536702 
11.282820 -0.537052 
11.282970 -0.537512 
11.282445 -0.538002 
11.283264 -0.538492 
11.283490 -0.538992 
11.283564 -0.539472 
11.284097 -0.540102 
11.278080 -0.540733 
11.280181 -0.541262 
11.276266 -0.541703 
11.277319 -0.542213 
11.274542 -0.542563 
11.273803 -0.543103 
11.271463 -0.543464 
11.270992 -0.543874 
11.269205 -0.544584 
11.267739 -0.544904 
11.267652 -0.545304 
11.267824 -0.545794 
11.268087 -0.546284 
11.267995 -0.546784 
11.266672 -0.547305 
11.262785 -0.547985 
11.261810 -0.548345 
11.261753 -0.548815 
11.261763 -0.549345 
11.261753 -0.549815 
11.258010 -0.550526 
11.256385 -0.550846 
11.256110 -0.551346 
11.256101 -0.551866 
11.256093 -0.552396 
11.256103 -0.552906 
11.256102 -0.553456 
11.255742 -0.553947 
11.254779 -0.554467 
11.254389 -0.554987 
11.253306 -0.555457 
11.252195 -0.555977 
11.251025 -0.556707 
11.249715 -0.557008 
11.247838 -0.557738 
11.246814 -0.558038 
11.246847 -0.558538 
11.246470 -0.559038 
11.241671 -0.559689 
11.239815 -0.560059 
11.239687 -0.560549 
11.239670 -0.561079 
11.238761 -0.561759 
11.237583 -0.562070 
11.237454 -0.562530 
11.237028 -0.563100 
11.236440 -0.563490 
11.236696 -0.563990 
11.235975 -0.564490 
11.235174 -0.564920 
11.234769 -0.565440 
11.233029 -0.566120 
11.232262 -0.566351 
11.232171 -0.566861 
11.231654 -0.567381 
11.230230 -0.567961 
11.229318 -0.568351 
11.227700 -0.569051 
11.226236 -0.569382 
11.225928 -0.569852 
11.225431 -0.570362 
11.224986 -0.570872 
11.224770 -0.571612 
11.224359 -0.571892 
11.223801 -0.572542 
11.223553 -0.572942 
11.223290 -0.573452 
11.222644 -0.573922 
11.221965 -0.574442 
11.221661 -0.574952 
11.221099 -0.575463 
11.219864 -0.575953 
11.218990 -0.576453 
11.218210 -0.576953 
11.217016 -0.577463 
11.209398 -0.578095 
11.181273 -0.578600 
11.179462 -0.579020 
11.179145 -0.579460 
11.179006 -0.579940 
11.177392 -0.580470 
11.175926 -0.580970 
11.175836 -0.581470 
11.174817 -0.581941 
11.174573 -0.582421 
11.174584 -0.582911 
11.174575 -0.583420 
11.174575 -0.583870 
11.174574 -0.584360 
11.169291 -0.585021 
11.167633 -0.585301 
11.167395 -0.585761 
11.167398 -0.586251 
11.167387 -0.586721 
11.167388 -0.587241 
11.167203 -0.587741 
11.163817 -0.588262 
11.161886 -0.588982 
11.160676 -0.589272 
11.160500 -0.589742 
11.160499 -0.590242 
11.160509 -0.590782 
11.160495 -0.591292 
11.160505 -0.591792 
11.160507 -0.592342 
11.160504 -0.592872 
11.160504 -0.593422 
11.160493 -0.593922 
11.160492 -0.594452 
11.160502 -0.594982 
11.160491 -0.595462 
11.160491 -0.595982 
11.160491 -0.596512 
11.160500 -0.597022 
11.160490 -0.597532 
11.160489 -0.598032 
11.160499 -0.598552 
11.160498 -0.599062 
11.160499 -0.599562 
11.160498 -0.600082 
11.160488 -0.600582 
11.160488 -0.601082 
11.160488 -0.601592 
11.160497 -0.602082 
11.160486 -0.602552 
11.160825 -0.603032 
11.165697 -0.603631 
11.168839 -0.604151 
11.170556 -0.604480 
11.170295 -0.604970 
11.169918 -0.605480 
11.168919 -0.606091 
11.168419 -0.606391 
11.168335 -0.606891 
11.165997 -0.607541 
11.165710 -0.607891 
11.165604 -0.608401 
11.163724 -0.609062 
11.162129 -0.609552 
11.161785 -0.609942 
11.160488 -0.610602 
11.159846 -0.611132 
11.160607 -0.611462 
11.159368 -0.612062 
11.156510 -0.612633 
11.156261 -0.612963 
11.155831 -0.613443 
11.154982 -0.613963 
11.155137 -0.614483 
11.154316 -0.614973 
11.151870 -0.615664 
11.150921 -0.616094 
11.150341 -0.616464 
11.148425 -0.616974 
11.148891 -0.617644 
11.148100 -0.617994 
11.146686 -0.618585 
11.145566 -0.619205 
11.144242 -0.619595 
11.143694 -0.620005 
11.143192 -0.620495 
11.142328 -0.621005 
11.142183 -0.621505 
11.141178 -0.622096 
11.140396 -0.622496 
11.138739 -0.623146 
11.138275 -0.623476 
11.137357 -0.624056 
11.136892 -0.624426 
11.135620 -0.625116 
11.132864 -0.625507 
11.133011 -0.625977 
11.132727 -0.626357 
11.133158 -0.626707 
11.131791 -0.627397 
11.130509 -0.627987 
11.129604 -0.628248 
11.128851 -0.628888 
11.128648 -0.629408 
11.127942 -0.629898 
11.126789 -0.630268 
11.125790 -0.630788 
11.124275 -0.631508 
11.123606 -0.631839 
11.122554 -0.632519 
11.120842 -0.633099 
11.120298 -0.633479 
11.118372 -0.634119 
11.117876 -0.634510 
11.116641 -0.635190 
11.115866 -0.635620 
11.114751 -0.636210 
11.113112 -0.636730 
11.112713 -0.637170 
11.110240 -0.637721 
11.108866 -0.638261 
11.107597 -0.638561 
11.107170 -0.639071 
11.106207 -0.639572 
11.105126 -0.640082 
11.102861 -0.640812 
11.101270 -0.641232 
11.100298 -0.641623 
11.098923 -0.642233 
11.082707 -0.642736 
11.080733 -0.643176 
11.080552 -0.643566 
11.080549 -0.644066 
11.080567 -0.644556 
11.080563 -0.645026 
11.080552 -0.645516 
11.080555 -0.645976 
11.080554 -0.646466 
11.079564 -0.647166 
11.078227 -0.647506 
11.078118 -0.647957 
11.078117 -0.648487 
11.078115 -0.648977 
11.078121 -0.649477 
11.078117 -0.649997 
11.078126 -0.650487 
11.078660 -0.650986 
11.080703 -0.651516 
11.080917 -0.652006 
11.080057 -0.652736 
11.079402 -0.653006 
11.078063 -0.653667 
11.077145 -0.654057 
11.076325 -0.654537 
11.074392 -0.655067 
11.073050 -0.655557 
11.072934 -0.656057 
11.072934 -0.656567 
11.072654 -0.657077 
11.071517 -0.657578 
11.070608 -0.658068 
11.070551 -0.658578 
11.070548 -0.659078 
11.070563 -0.659588 
11.070559 -0.660088 
11.070558 -0.660608 
11.070052 -0.661138 
11.068348 -0.661648 
11.067058 -0.662058 
11.067378 -0.662728 
11.068387 -0.663018 
11.067407 -0.663508 
11.067156 -0.663938 
11.066665 -0.664519 
11.065678 -0.664909 
11.065061 -0.665389 
11.063887 -0.665829 
11.063275 -0.666299 
11.062402 -0.666778 
11.061851 -0.667298 
11.061372 -0.667828 
11.060388 -0.668469 
11.058572 -0.668949 
11.057795 -0.669359 
11.057389 -0.669799 
11.056994 -0.670319 
11.054909 -0.671050 
11.054497 -0.671410 
11.053933 -0.671910 
11.051247 -0.672600 
11.048975 -0.673131 
11.048955 -0.673531 
11.048916 -0.674021 
11.049059 -0.674691 
11.048994 -0.675081 
11.049022 -0.675521 
11.047797 -0.676201 
11.047092 -0.676581 
11.046480 -0.677031 
11.046131 -0.677551 
11.044210 -0.678231 
11.043672 -0.678562 
11.042966 -0.679052 
11.041851 -0.679722 
11.040900 -0.680222 
11.039761 -0.680732 
11.038954 -0.681352 
11.038554 -0.681702 
11.036915 -0.682353 
11.036749 -0.682853 
11.036311 -0.683103 
11.036840 -0.683573 
11.036541 -0.684063 
11.036441 -0.684553 
11.036454 -0.685033 
11.036443 -0.685513 
11.036452 -0.685973 
11.036441 -0.686463 
11.036443 -0.686973 
11.036442 -0.687463 
11.036441 -0.687943 
11.024518 -0.688605 
11.023488 -0.689025 
11.021891 -0.689655 
11.021780 -0.690215 
11.020866 -0.690676 
11.019890 -0.690976 
11.019608 -0.691486 
11.018567 -0.692146 
11.018095 -0.692536 
11.016638 -0.693186 
11.014928 -0.693697 
11.013819 -0.694247 
11.013213 -0.694597 
11.007323 -0.695268 
11.005502 -0.695628 
11.005256 -0.696098 
11.005263 -0.696628 
11.007691 -0.697258 
11.007835 -0.697848 
11.006690 -0.698108 
11.006486 -0.698628 
11.005934 -0.699138 
11.004359 -0.699618 
11.003299 -0.700119 
11.003089 -0.700649 
11.002482 -0.701139 
11.002180 -0.701629 
11.001950 -0.702099 
11.001416 -0.702569 
11.000175 -0.703059 
10.998952 -0.703739 
10.998178 -0.704029 
10.997498 -0.704480 
10.997394 -0.704960 
10.997400 -0.705400 
10.996886 -0.705880 
10.994850 -0.706350 
10.995304 -0.707080 
10.994477 -0.707360 
10.994373 -0.707880 
10.994372 -0.708400 
10.994373 -0.708900 
10.994371 -0.709420 
10.994372 -0.709890 
10.994372 -0.710410 
10.994371 -0.710940 
10.994382 -0.711460 
10.994371 -0.711970 
10.994373 -0.712500 
10.994371 -0.713020 
10.994373 -0.713560 
10.994372 -0.714040 
10.994373 -0.714560 
10.994380 -0.715070 
10.994379 -0.715540 
10.994370 -0.716040 
10.994371 -0.716570 
10.994370 -0.717060 
10.994370 -0.717570 
10.994370 -0.718060 
10.994370 -0.718580 
10.994370 -0.719090 
10.994380 -0.719600 
10.991880 -0.720331 
10.990161 -0.720631 
10.989932 -0.721151 
10.989946 -0.721661 
10.989933 -0.722151 
10.989933 -0.722611 
10.989935 -0.723111 
10.989934 -0.723571 
10.989934 -0.724071 
10.989945 -0.724561 
10.989933 -0.725031 
10.989933 -0.725511 
10.989933 -0.725961 
10.989933 -0.726451 
10.989933 -0.726951 
10.989932 -0.727441 
10.989932 -0.727911 
10.989932 -0.728411 
10.989931 -0.728911 
10.989932 -0.729411 
10.989933 -0.729931 
10.989932 -0.730431 
10.989932 -0.730931 
10.989932 -0.731471 
10.989933 -0.731971 
10.989931 -0.732481 
10.989933 -0.733001 
10.989932 -0.733511 
10.989931 -0.734031 
10.989942 -0.734551 
10.989941 -0.735071 
10.989931 -0.735581 
10.989931 -0.736081 
10.989932 -0.736591 
10.989932 -0.737101 
10.989932 -0.737601 
10.989932 -0.738091 
10.989931 -0.738591 
10.989941 -0.739091 
10.989931 -0.739581 
10.989931 -0.740081 
10.989931 -0.740601 
10.989932 -0.741091 
10.989932 -0.741581 
10.989932 -0.742051 
10.989931 -0.742541 
10.989941 -0.743031 
10.989932 -0.743541 
10.989931 -0.744001 
10.989931 -0.744491 
10.989931 -0.744961 
10.989930 -0.745411 
11.565567 -0.293549 
11.565315 -0.293987 
11.564988 -0.294241 
11.565264 -0.295771 
11.565641 -0.297314 
11.565225 -0.297612 
11.564954 -0.298433 
11.564816 -0.299024 
11.564497 -0.299409 
11.564455 -0.300677 
11.564334 -0.301632 
11.564178 -0.302135 
11.563845 -0.302455 
11.563728 -0.303634 
11.563580 -0.304052 
11.563536 -0.305258 
11.563340 -0.305673 
11.562779 -0.306177 
11.562582 -0.306395 
11.562162 -0.306707 
11.562521 -0.308595 
11.562422 -0.309371 
11.562136 -0.309712 
11.561798 -0.310045 
11.561601 -0.310733 
11.561163 -0.310995 
11.560725 -0.311256 
11.560478 -0.312195 
11.560796 -0.313305 
11.560474 -0.313664 
11.560079 -0.314078 
11.560116 -0.314947 
11.559719 -0.315237 
11.559282 -0.315481 
11.558874 -0.315733 
11.558451 -0.315982 
11.558055 -0.316216 
11.557641 -0.316459 
11.557273 -0.316858 
11.557090 -0.317532 
11.556905 -0.318182 
11.556682 -0.318808 
11.556605 -0.319681 
11.556338 -0.320211 
11.556332 -0.321223 
11.556147 -0.321874 
11.555964 -0.322547 
11.555981 -0.323658 
11.555688 -0.324107 
11.555527 -0.324817 
11.555682 -0.326084 
11.555475 -0.326716 
11.555041 -0.326964 
11.554825 -0.327582 
11.554812 -0.328545 
11.554634 -0.329226 
11.554505 -0.329971 
11.554076 -0.330229 
11.553829 -0.330814 
11.553728 -0.331627 
11.553867 -0.333022 
11.553591 -0.333617 
11.553132 -0.333568 
11.552832 -0.334357 
11.552795 -0.334906 
11.552468 -0.335393 
11.552325 -0.336449 
11.552204 -0.336973 
11.551930 -0.337690 
11.551876 -0.338543 
11.551651 -0.339145 
11.551495 -0.339628 
11.551388 -0.340549 
11.550994 -0.340608 
11.551019 -0.341851 
11.550709 -0.342074 
11.550569 -0.342801 
11.550446 -0.343359 
11.550190 -0.343988 
11.550052 -0.344778 
11.549813 -0.345474 
11.549600 -0.346058 
11.549404 -0.346630 
11.549101 -0.347200 
11.548911 -0.347723 
11.548650 -0.348383 
11.548457 -0.349080 
11.548283 -0.349591 
11.547980 -0.350277 
11.547756 -0.350804 
11.547424 -0.351520 
11.547220 -0.352276 
11.546921 -0.352674 
11.546629 -0.353281 
11.546453 -0.353770 
11.546170 -0.354176 
11.545964 -0.354830 
11.545644 -0.355744 
11.545419 -0.355952 
11.545044 -0.356616 
11.544861 -0.357034 
11.544582 -0.357879 
11.544219 -0.358111 
11.544097 -0.358671 
11.543812 -0.359173 
11.543477 -0.359608 
11.543152 -0.360080 
11.542906 -0.360667 
11.542591 -0.361078 
11.542258 -0.361458 
11.542032 -0.362019 
11.541696 -0.362413 
11.541389 -0.362857 
11.541154 -0.363443 
11.540827 -0.363813 
11.540547 -0.364322 
11.540244 -0.364715 
11.539957 -0.365192 
11.539669 -0.365708 
11.539382 -0.366225 
11.539078 -0.366654 
11.538818 -0.367237 
11.538502 -0.367665 
11.538208 -0.368150 
11.537975 -0.369075 
11.537738 -0.369342 
11.537362 -0.369669 
11.537055 -0.370192 
11.536908 -0.370906 
11.536470 -0.371108 
11.536127 -0.371570 
11.535936 -0.372211 
11.535611 -0.372722 
11.535271 -0.373091 
11.534890 -0.373823 
11.534673 -0.374103 
11.534330 -0.374506 
11.534028 -0.374979 
11.533695 -0.375614 
11.533328 -0.375820 
11.533070 -0.376326 
11.532741 -0.376772 
11.532387 -0.377157 
11.532069 -0.377601 
11.531756 -0.378054 
11.531363 -0.378432 
11.531032 -0.378855 
11.530726 -0.379300 
11.530417 -0.379681 
11.530103 -0.380094 
11.529827 -0.380551 
11.529479 -0.380946 
11.529194 -0.381328 
11.528896 -0.381768 
11.528594 -0.382160 
11.528307 -0.382520 
11.527987 -0.382922 
11.527699 -0.383359 
11.527370 -0.384100 
11.527000 -0.384556 
11.526779 -0.384752 
11.526320 -0.384977 
11.526076 -0.385567 
11.525768 -0.386029 
11.525409 -0.386384 
11.525030 -0.386746 
11.524643 -0.387507 
11.524273 -0.387569 
11.524040 -0.388158 
11.523636 -0.388516 
11.523277 -0.388950 
11.522888 -0.389354 
11.522544 -0.389754 
11.522183 -0.390166 
11.521813 -0.390542 
11.521484 -0.390929 
11.521122 -0.391319 
11.520767 -0.391760 
11.520427 -0.392148 
11.520065 -0.392539 
11.519737 -0.392946 
11.519406 -0.393370 
11.519040 -0.393734 
11.518666 -0.394104 
11.518357 -0.394583 
11.517972 -0.394935 
11.517582 -0.395335 
11.517241 -0.395782 
11.516892 -0.396134 
11.516536 -0.396475 
11.516197 -0.396864 
11.515835 -0.397216 
11.515521 -0.397628 
11.515153 -0.397988 
11.514801 -0.398355 
11.514445 -0.398716 
11.514129 -0.399086 
11.513770 -0.399422 
11.513412 -0.399819 
11.513032 -0.400160 
11.512733 -0.400597 
11.512386 -0.401012 
11.512009 -0.401358 
11.511601 -0.401630 
11.511286 -0.402218 
11.510927 -0.402455 
11.510554 -0.402807 
11.510058 -0.403463 
11.509660 -0.403594 
11.509459 -0.403942 
11.508971 -0.404552 
11.508532 -0.404811 
11.508241 -0.404928 
11.507906 -0.405383 
11.507580 -0.405835 
11.507040 -0.406317 
11.506786 -0.406575 
11.506293 -0.406743 
11.505973 -0.407204 
11.505501 -0.407683 
11.505183 -0.407754 
11.504894 -0.408268 
11.504504 -0.408571 
11.504106 -0.408939 
11.503730 -0.409228 
11.503268 -0.409724 
11.502911 -0.410082 
11.502532 -0.410248 
11.502115 -0.410781 
11.501828 -0.411101 
11.501463 -0.411269 
11.501112 -0.411540 
11.500790 -0.411899 
11.500406 -0.412173 
11.500023 -0.412528 
11.499677 -0.412769 
11.499307 -0.413106 
11.498946 -0.413418 
11.498562 -0.413712 
11.498148 -0.414053 
11.497754 -0.414369 
11.497356 -0.414718 
11.496970 -0.415047 
11.496563 -0.415382 
11.496173 -0.415665 
11.495765 -0.415997 
11.495358 -0.416329 
11.494946 -0.416655 
11.494544 -0.416977 
11.494134 -0.417306 
11.493705 -0.417622 
11.493287 -0.417976 
11.492908 -0.418298 
11.492504 -0.418617 
11.492105 -0.418924 
11.491722 -0.419220 
11.491302 -0.419530 
11.490882 -0.419823 
11.490479 -0.420125 
11.490072 -0.420438 
11.489665 -0.420731 
11.489252 -0.421035 
11.488853 -0.421343 
11.488432 -0.421653 
11.488018 -0.421973 
11.487601 -0.422291 
11.487190 -0.422599 
11.486765 -0.422901 
11.486398 -0.423224 
11.485998 -0.423471 
11.485618 -0.423790 
11.485199 -0.424026 
11.484885 -0.424456 
11.484271 -0.424834 
11.484015 -0.425030 
11.483707 -0.425294 
11.483157 -0.425523 
11.482687 -0.425692 
11.482469 -0.425951 
11.481956 -0.426145 
11.481243 -0.426136 
11.480929 -0.426647 
11.480488 -0.426903 
11.480145 -0.426971 
11.479780 -0.427395 
11.479362 -0.427632 
11.479019 -0.428054 
11.478544 -0.428311 
11.478189 -0.428674 
11.477887 -0.429146 
11.477429 -0.429394 
11.476701 -0.429182 
11.476218 -0.429388 
11.475925 -0.429934 
11.475427 -0.430527 
11.475069 -0.430785 
11.474786 -0.430994 
11.474298 -0.431092 
11.473661 -0.431409 
11.473479 -0.431711 
11.472698 -0.431725 
11.472474 -0.432370 
11.471861 -0.432315 
11.471358 -0.432465 
11.471189 -0.433123 
11.470690 -0.433281 
11.470151 -0.433352 
11.469822 -0.433759 
11.469340 -0.433886 
11.468867 -0.434010 
11.468602 -0.434171 
11.468339 -0.434827 
11.468033 -0.435076 
11.467420 -0.435020 
11.467110 -0.435439 
11.466579 -0.435386 
11.466113 -0.435599 
11.465523 -0.435958 
11.465225 -0.436377 
11.464956 -0.436591 
11.464292 -0.436901 
11.464054 -0.437069 
11.463541 -0.437183 
11.463087 -0.437634 
11.462740 -0.437794 
11.462308 -0.438046 
11.461861 -0.438311 
11.461421 -0.438570 
11.460983 -0.438830 
11.460523 -0.439093 
11.460054 -0.439343 
11.459580 -0.439621 
11.459164 -0.439861 
11.458693 -0.440105 
11.458252 -0.440362 
11.457838 -0.440604 
11.457392 -0.440871 
11.456942 -0.441133 
11.456504 -0.441393 
11.456064 -0.441652 
11.455631 -0.441901 
11.455192 -0.442160 
11.454703 -0.442316 
11.454247 -0.442586 
11.453818 -0.442842 
11.453375 -0.443096 
11.452930 -0.443365 
11.452490 -0.443623 
11.452076 -0.443866 
11.451680 -0.444100 
11.451266 -0.444344 
11.450853 -0.444587 
11.450440 -0.444831 
11.450018 -0.445081 
11.449612 -0.445318 
11.449200 -0.445564 
11.448812 -0.445793 
11.448399 -0.446036 
11.447968 -0.446290 
11.447512 -0.446482 
11.447098 -0.446725 
11.446660 -0.446986 
11.446228 -0.447237 
11.445798 -0.447493 
11.445341 -0.447761 
11.444919 -0.448010 
11.444480 -0.448271 
11.444015 -0.448545 
11.443592 -0.448791 
11.443114 -0.448966 
11.442675 -0.449225 
11.442235 -0.449483 
11.441787 -0.449747 
11.441349 -0.450007 
11.440917 -0.450261 
11.440478 -0.450520 
11.440057 -0.450768 
11.439626 -0.451022 
11.439187 -0.451282 
11.438757 -0.451536 
11.438335 -0.451785 
11.437913 -0.452034 
11.437469 -0.452267 
11.437037 -0.452518 
11.436614 -0.452765 
11.436158 -0.453035 
11.435718 -0.453293 
11.435288 -0.453547 
11.434706 -0.453900 
11.434208 -0.454021 
11.434049 -0.454263 
11.433517 -0.454403 
11.432903 -0.454682 
11.432578 -0.455095 
11.432199 -0.455260 
11.431918 -0.455471 
11.431466 -0.455572 
11.431038 -0.455792 
11.430387 -0.456084 
11.430056 -0.456507 
11.429700 -0.456573 
11.429352 -0.456928 
11.428763 -0.457268 
11.428454 -0.457433 
11.428064 -0.457638 
11.427613 -0.457898 
11.427139 -0.458175 
11.426694 -0.458386 
11.426257 -0.458648 
11.425800 -0.458918 
11.425342 -0.459185 
11.424869 -0.459465 
11.424439 -0.459719 
11.423991 -0.459983 
11.423552 -0.460243 
11.423121 -0.460497 
11.422673 -0.460761 
11.422217 -0.461031 
11.421786 -0.461285 
11.421180 -0.461693 
11.420701 -0.461905 
11.420422 -0.462003 
11.419783 -0.462298 
11.419518 -0.462537 
11.419145 -0.462811 
11.418715 -0.463104 
11.418231 -0.463288 
11.417787 -0.463540 
11.417372 -0.463780 
11.416983 -0.464027 
11.416574 -0.464298 
11.416170 -0.464537 
11.415517 -0.464848 
11.415051 -0.465022 
11.414732 -0.465190 
11.414301 -0.465405 
11.413983 -0.465751 
11.413649 -0.465913 
11.413233 -0.466211 
11.412759 -0.466411 
11.412332 -0.466653 
11.411889 -0.466925 
11.411456 -0.467175 
11.411017 -0.467434 
11.410570 -0.467700 
11.410072 -0.467919 
11.409703 -0.468217 
11.409040 -0.468571 
11.408779 -0.468621 
11.408189 -0.468860 
11.407751 -0.469160 
11.407568 -0.469656 
11.407113 -0.469811 
11.406587 -0.470178 
11.406059 -0.469973 
11.405508 -0.470023 
11.405095 -0.470562 
11.404552 -0.470725 
11.404198 -0.471049 
11.404059 -0.471462 
11.403457 -0.471840 
11.402854 -0.471842 
11.402436 -0.471921 
11.402032 -0.472298 
11.401632 -0.472566 
11.401314 -0.473226 
11.400850 -0.473049 
11.400298 -0.473295 
11.399790 -0.473477 
11.399414 -0.473765 
11.398923 -0.473916 
11.398543 -0.474236 
11.398190 -0.474485 
11.397793 -0.474815 
11.397635 -0.475197 
11.397321 -0.475688 
11.396426 -0.475352 
11.396408 -0.475773 
11.395731 -0.475708 
11.395405 -0.476495 
11.395010 -0.476454 
11.394606 -0.476754 
11.394238 -0.477094 
11.393504 -0.477307 
11.393157 -0.477466 
11.392873 -0.478048 
11.392400 -0.478288 
11.391723 -0.478145 
11.391312 -0.478530 
11.391050 -0.479070 
11.390450 -0.479234 
11.389993 -0.479307 
11.389640 -0.479770 
11.389145 -0.479857 
11.388720 -0.480219 
11.388372 -0.480416 
11.387949 -0.480682 
11.387520 -0.480979 
11.387008 -0.481331 
11.386691 -0.481601 
11.386116 -0.481905 
11.385782 -0.482049 
11.385404 -0.482313 
11.384626 -0.482372 
11.384346 -0.482684 
11.384049 -0.483066 
11.383450 -0.483507 
11.382841 -0.483479 
11.382723 -0.483770 
11.382259 -0.483988 
11.381743 -0.484412 
11.381452 -0.484549 
11.380840 -0.484633 
11.380440 -0.484919 
11.380034 -0.485195 
11.379727 -0.485620 
11.379328 -0.485692 
11.378983 -0.486032 
11.378166 -0.486083 
11.377846 -0.486387 
11.377512 -0.486471 
11.377089 -0.486758 
11.376783 -0.487223 
11.376157 -0.487440 
11.375717 -0.487817 
11.375424 -0.487891 
11.375105 -0.488314 
11.374645 -0.488577 
11.374228 -0.488816 
11.373797 -0.489050 
11.373304 -0.489218 
11.372690 -0.489633 
11.372306 -0.489769 
11.371862 -0.489942 
11.371452 -0.490408 
11.371121 -0.490574 
11.370516 -0.490986 
11.369944 -0.490842 
11.369428 -0.491091 
11.369125 -0.491560 
11.368589 -0.491557 
11.368209 -0.491937 
11.367731 -0.492091 
11.367330 -0.492415 
11.367200 -0.493061 
11.366738 -0.493222 
11.366303 -0.493586 
11.365641 -0.493290 
11.365314 -0.493820 
11.365048 -0.494077 
11.364603 -0.494188 
11.364179 -0.494454 
11.363805 -0.494686 
11.363379 -0.494928 
11.362985 -0.495166 
11.362487 -0.495443 
11.362123 -0.495752 
11.361754 -0.495932 
11.361398 -0.496215 
11.360928 -0.496363 
11.360476 -0.496581 
11.359997 -0.496792 
11.359564 -0.497042 
11.359120 -0.497314 
11.358703 -0.497551 
11.358189 -0.498097 
11.357650 -0.498246 
11.357271 -0.498292 
11.356882 -0.498578 
11.356485 -0.498947 
11.355833 -0.499121 
11.355499 -0.499441 
11.354706 -0.499533 
11.354518 -0.500160 
11.354145 -0.500256 
11.353390 -0.500157 
11.353063 -0.500508 
11.352711 -0.501014 
11.352411 -0.501252 
11.351666 -0.501229 
11.351263 -0.501393 
11.350803 -0.501616 
11.350611 -0.502334 
11.350206 -0.502395 
11.349836 -0.502692 
11.349106 -0.502951 
11.348803 -0.503343 
11.348308 -0.503330 
11.347761 -0.503624 
11.347424 -0.503860 
11.346986 -0.504120 
11.346647 -0.504334 
11.346031 -0.504646 
11.345657 -0.504899 
11.345363 -0.505030 
11.344848 -0.505239 
11.344482 -0.505308 
11.344068 -0.505689 
11.343706 -0.505960 
11.343316 -0.506244 
11.342843 -0.506663 
11.342551 -0.506915 
11.342001 -0.506968 
11.341640 -0.507340 
11.341142 -0.507479 
11.340651 -0.507611 
11.340216 -0.508015 
11.339323 -0.507880 
11.339034 -0.508157 
11.338877 -0.508560 
11.338305 -0.509047 
11.338089 -0.509251 
11.337551 -0.509619 
11.337046 -0.509649 
11.336495 -0.509954 
11.336052 -0.510108 
11.335685 -0.510530 
11.335241 -0.510682 
11.334779 -0.511159 
11.334419 -0.511179 
11.333919 -0.511315 
11.333472 -0.511896 
11.333297 -0.512209 
11.332740 -0.512524 
11.332325 -0.512451 
11.331773 -0.512559 
11.331503 -0.513065 
11.330847 -0.513231 
11.330544 -0.513348 
11.330267 -0.513785 
11.329675 -0.514217 
11.329046 -0.514097 
11.329022 -0.514487 
11.328464 -0.514921 
11.328049 -0.514965 
11.327543 -0.514815 
11.327283 -0.515517 
11.326932 -0.515649 
11.326328 -0.515511 
11.325648 -0.515893 
11.325602 -0.516347 
11.324970 -0.516319 
11.324358 -0.516698 
11.324006 -0.517105 
11.323851 -0.517571 
11.323315 -0.517645 
11.322890 -0.517693 
11.322470 -0.518202 
11.322029 -0.518398 
11.321437 -0.518655 
11.320996 -0.519009 
11.320675 -0.519390 
11.319809 -0.519123 
11.319670 -0.519675 
11.318952 -0.519580 
11.318803 -0.519877 
11.318412 -0.520672 
11.317882 -0.520796 
11.317674 -0.520995 
11.317140 -0.521409 
11.316773 -0.521573 
11.316403 -0.521773 
11.315492 -0.521410 
11.315280 -0.521956 
11.314750 -0.522002 
11.314433 -0.522605 
11.314081 -0.522993 
11.313487 -0.523481 
11.313022 -0.523541 
11.312464 -0.523441 
11.312175 -0.524171 
11.311880 -0.524104 
11.311656 -0.524924 
11.310886 -0.524722 
11.310630 -0.525055 
11.310359 -0.525600 
11.309920 -0.525603 
11.309450 -0.525849 
11.309050 -0.526214 
11.308839 -0.526723 
11.308444 -0.527038 
11.307921 -0.526996 
11.307399 -0.527135 
11.306850 -0.527366 
11.306455 -0.527721 
11.305962 -0.527908 
11.305579 -0.528124 
11.305454 -0.528681 
11.304771 -0.528743 
11.304184 -0.528791 
11.303834 -0.529220 
11.303502 -0.529366 
11.302926 -0.529434 
11.302482 -0.529744 
11.302051 -0.529996 
11.301595 -0.530266 
11.301164 -0.530521 
11.300732 -0.530773 
11.300286 -0.531039 
11.299854 -0.531291 
11.299441 -0.531535 
11.299011 -0.531790 
11.298579 -0.532044 
11.298149 -0.532299 
11.297727 -0.532548 
11.297242 -0.532769 
11.296811 -0.533001 
11.296388 -0.533250 
11.295985 -0.533490 
11.295571 -0.533732 
11.295150 -0.533982 
11.294710 -0.534241 
11.294322 -0.534469 
11.293892 -0.534723 
11.293487 -0.534962 
11.293099 -0.535190 
11.292677 -0.535440 
11.292184 -0.535687 
11.291770 -0.535987 
11.291364 -0.536146 
11.290877 -0.536324 
11.290288 -0.536703 
11.289859 -0.536882 
11.289388 -0.537225 
11.289001 -0.537375 
11.288600 -0.537620 
11.288185 -0.537802 
11.287847 -0.538510 
11.287139 -0.538254 
11.286876 -0.538871 
11.286523 -0.539414 
11.285829 -0.539124 
11.285542 -0.539739 
11.285128 -0.540158 
11.284635 -0.540328 
11.284269 -0.540198 
11.284117 -0.540964 
11.283457 -0.541165 
11.283100 -0.541267 
11.282529 -0.541304 
11.282068 -0.541545 
11.281539 -0.541789 
11.281084 -0.541845 
11.280654 -0.542101 
11.280220 -0.542388 
11.279738 -0.542595 
11.279084 -0.542844 
11.278760 -0.542965 
11.278402 -0.543283 
11.278013 -0.543528 
11.277598 -0.543789 
11.277204 -0.544026 
11.276781 -0.544274 
11.276359 -0.544523 
11.275963 -0.544756 
11.275541 -0.545006 
11.275161 -0.545228 
11.274748 -0.545473 
11.274318 -0.545727 
11.273896 -0.545976 
11.273483 -0.546221 
11.273052 -0.546474 
11.272621 -0.546728 
11.272182 -0.546988 
11.271682 -0.547163 
11.271252 -0.547418 
11.270812 -0.547676 
11.270337 -0.547953 
11.269916 -0.548205 
11.269484 -0.548457 
11.269037 -0.548722 
11.268598 -0.548981 
11.268157 -0.549238 
11.267710 -0.549504 
11.267279 -0.549757 
11.266840 -0.550016 
11.266417 -0.550264 
11.265979 -0.550524 
11.265548 -0.550779 
11.265117 -0.551033 
11.264704 -0.551277 
11.264282 -0.551526 
11.263860 -0.551774 
11.263421 -0.552034 
11.262998 -0.552282 
11.262534 -0.552557 
11.262103 -0.552812 
11.261672 -0.553065 
11.261268 -0.553305 
11.260846 -0.553554 
11.260424 -0.553803 
11.259907 -0.554048 
11.259479 -0.554365 
11.259031 -0.554375 
11.258643 -0.554583 
11.258232 -0.554791 
11.257819 -0.555035 
11.257404 -0.555277 
11.256668 -0.555250 
11.256376 -0.555482 
11.255824 -0.555550 
11.255456 -0.555930 
11.255034 -0.556199 
11.254609 -0.556483 
11.254240 -0.556783 
11.253976 -0.557339 
11.253614 -0.557748 
11.252936 -0.557840 
11.252529 -0.557996 
11.252268 -0.558536 
11.251820 -0.558841 
11.251123 -0.559174 
11.250610 -0.559308 
11.250219 -0.559629 
11.249863 -0.559892 
11.249471 -0.560015 
11.248836 -0.560395 
11.248369 -0.560568 
11.248184 -0.560824 
11.247688 -0.561146 
11.247232 -0.561218 
11.246819 -0.561502 
11.246387 -0.561755 
11.245929 -0.562021 
11.245501 -0.562280 
11.245060 -0.562536 
11.244621 -0.562796 
11.244183 -0.563056 
11.243760 -0.563304 
11.243364 -0.563538 
11.242942 -0.563788 
11.242535 -0.564021 
11.242109 -0.564244 
11.241670 -0.564505 
11.241273 -0.564736 
11.240850 -0.564964 
11.240451 -0.565194 
11.240033 -0.565429 
11.239300 -0.565702 
11.238857 -0.565797 
11.238601 -0.565994 
11.238196 -0.566409 
11.237866 -0.566715 
11.237322 -0.566758 
11.236779 -0.566979 
11.236422 -0.567239 
11.235992 -0.567475 
11.235586 -0.567870 
11.235179 -0.568105 
11.234744 -0.568372 
11.234311 -0.568621 
11.233873 -0.568881 
11.233442 -0.569136 
11.232994 -0.569400 
11.232554 -0.569658 
11.232124 -0.569912 
11.231702 -0.570161 
11.231263 -0.570421 
11.230832 -0.570675 
11.230402 -0.570930 
11.229971 -0.571183 
11.229541 -0.571438 
11.229118 -0.571686 
11.228680 -0.571946 
11.228249 -0.572200 
11.227792 -0.572469 
11.227362 -0.572724 
11.226939 -0.572972 
11.226535 -0.573212 
11.226122 -0.573456 
11.225699 -0.573704 
11.225261 -0.573964 
11.224881 -0.574187 
11.224451 -0.574442 
11.224055 -0.574676 
11.223684 -0.574893 
11.223263 -0.575143 
11.222857 -0.575381 
11.222444 -0.575625 
11.221725 -0.575903 
11.221390 -0.576063 
11.221002 -0.576252 
11.220612 -0.576476 
11.220178 -0.576764 
11.219762 -0.577004 
11.219317 -0.577273 
11.218626 -0.577144 
11.218152 -0.577365 
11.217628 -0.577952 
11.217294 -0.578034 
11.216844 -0.578275 
11.216301 -0.578518 
11.215880 -0.578728 
11.215432 -0.579011 
11.214981 -0.579270 
11.214557 -0.579517 
11.214103 -0.579790 
11.213654 -0.580053 
11.213223 -0.580306 
11.212657 -0.580350 
11.212127 -0.580416 
11.211677 -0.580677 
11.211249 -0.580936 
11.210807 -0.581190 
11.210369 -0.581452 
11.209931 -0.581712 
11.209482 -0.581975 
11.209051 -0.582228 
11.208475 -0.582176 
11.207934 -0.582205 
11.207500 -0.582452 
11.207098 -0.582696 
11.206665 -0.582947 
11.206236 -0.583203 
11.205831 -0.583442 
11.205399 -0.583655 
11.204801 -0.583566 
11.204250 -0.583577 
11.203798 -0.583834 
11.203379 -0.584089 
11.202955 -0.584333 
11.202509 -0.584600 
11.202077 -0.584854 
11.201654 -0.585101 
11.201207 -0.585366 
11.200830 -0.585672 
11.200505 -0.586104 
11.200053 -0.586382 
11.199636 -0.586619 
11.199207 -0.586875 
11.198777 -0.587131 
11.198336 -0.587388 
11.197897 -0.587647 
11.197458 -0.587907 
11.197019 -0.588165 
11.196580 -0.588425 
11.196158 -0.588675 
11.195719 -0.588934 
11.195279 -0.589192 
11.194849 -0.589448 
11.194289 -0.589482 
11.193795 -0.589628 
11.193407 -0.589955 
11.192976 -0.590208 
11.192549 -0.590469 
11.192089 -0.590731 
11.191659 -0.590988 
11.190848 -0.590971 
11.190755 -0.591324 
11.190218 -0.591340 
11.189670 -0.591356 
11.189025 -0.591266 
11.188657 -0.591507 
11.188247 -0.591738 
11.187840 -0.591974 
11.187422 -0.592111 
11.186940 -0.592239 
11.186470 -0.592387 
11.185990 -0.592478 
11.185462 -0.592627 
11.185012 -0.592867 
11.184573 -0.593127 
11.184134 -0.593386 
11.183699 -0.593654 
11.183148 -0.594018 
11.182934 -0.594325 
11.182473 -0.594606 
11.182065 -0.594938 
11.181956 -0.595992 
11.181756 -0.596539 
11.181828 -0.597978 
11.181657 -0.598476 
11.181463 -0.599052 
11.181024 -0.599332 
11.180571 -0.599587 
11.180159 -0.599833 
11.179703 -0.600104 
11.179262 -0.600360 
11.178879 -0.600675 
11.178347 -0.601189 
11.177862 -0.601313 
11.177595 -0.601509 
11.177032 -0.601755 
11.176632 -0.602061 
11.176254 -0.602149 
11.175873 -0.602546 
11.175272 -0.602867 
11.174879 -0.603105 
11.174414 -0.603300 
11.174026 -0.603647 
11.173510 -0.603678 
