10.371259 0.491975 
10.376732 0.488972 
10.378897 0.487428 
10.385533 0.484372 
10.389600 0.482311 
10.393573 0.480129 
10.398765 0.477456 
10.403409 0.475050 
10.407099 0.472931 
10.411671 0.470560 
10.415920 0.468568 
10.420704 0.466128 
10.424880 0.463244 
10.428542 0.461337 
10.433961 0.458624 
10.436778 0.457654 
10.442818 0.454331 
10.445407 0.452496 
10.451228 0.449361 
10.454910 0.447468 
10.460424 0.444479 
10.463826 0.442697 
10.469164 0.440045 
10.473844 0.437556 
10.478142 0.435572 
10.480828 0.433884 
10.485660 0.431494 
10.491467 0.428619 
10.494681 0.426842 
10.499262 0.424181 
10.503248 0.422446 
10.509003 0.419644 
10.514049 0.417036 
10.517415 0.415073 
10.520579 0.413242 
10.525127 0.410339 
10.529591 0.407691 
10.534681 0.404905 
10.539595 0.402080 
10.543679 0.400626 
10.547084 0.398541 
10.552783 0.395077 
10.557354 0.393036 
10.561357 0.389988 
10.566447 0.388083 
10.568882 0.386298 
10.574160 0.383661 
10.577831 0.381152 
10.582675 0.378280 
10.586632 0.376244 
10.592222 0.373802 
10.595058 0.371746 
10.600465 0.368765 
10.606013 0.365843 
10.608990 0.364109 
10.614039 0.361572 
10.619170 0.358712 
10.623742 0.356211 
10.626817 0.354712 
10.631713 0.351832 
10.635498 0.349590 
10.640623 0.346850 
10.645400 0.344308 
10.649432 0.341870 
10.654186 0.339329 
10.658583 0.337387 
10.661666 0.335219 
10.667628 0.332030 
10.670229 0.330527 
10.674611 0.327959 
10.680150 0.325019 
10.683971 0.323222 
10.689299 0.320242 
10.693817 0.317810 
10.697414 0.315818 
10.701773 0.313623 
10.705171 0.311480 
10.709599 0.309554 
10.715679 0.305935 
10.720201 0.303665 
10.722947 0.302008 
10.728727 0.299299 
10.731759 0.297915 
10.738123 0.294037 
10.741063 0.292428 
10.745399 0.290234 
10.749497 0.288231 
10.755166 0.284666 
10.759730 0.282189 
10.762592 0.280914 
10.768042 0.278192 
10.771693 0.275887 
10.775395 0.273900 
10.779929 0.272051 
10.786289 0.268078 
10.790088 0.266281 
10.793000 0.264373 
10.799407 0.261419 
10.801527 0.259831 
10.808696 0.256344 
10.812197 0.254404 
10.816596 0.251936 
10.820663 0.249740 
10.826076 0.246904 
10.830588 0.244570 
10.834708 0.242323 
10.838657 0.240207 
10.842536 0.238128 
10.848180 0.235149 
10.852672 0.232753 
10.856823 0.230547 
10.861362 0.228111 
10.865751 0.225754 
10.870201 0.223364 
10.874326 0.221172 
10.878940 0.218708 
10.883475 0.216307 
10.885540 0.215006 
10.889783 0.212650 
10.896339 0.209349 
10.900768 0.207049 
10.905406 0.204453 
10.909468 0.202140 
10.912979 0.200263 
10.918593 0.197358 
10.922735 0.195487 
10.925546 0.193538 
10.932040 0.190114 
10.936240 0.187806 
10.939710 0.186156 
10.943394 0.184047 
10.949342 0.180763 
10.952683 0.178819 
10.958147 0.176124 
10.962833 0.173780 
10.964979 0.172595 
10.970213 0.169784 
10.975695 0.166905 
10.979862 0.164620 
10.984605 0.161967 
10.987974 0.160606 
10.991423 0.158058 
10.996746 0.155882 
11.001014 0.153553 
11.004165 0.151497 
11.009338 0.148809 
11.015419 0.145698 
11.018370 0.144065 
11.024216 0.141068 
11.028612 0.138527 
11.032867 0.136304 
11.036531 0.134309 
11.040628 0.132173 
11.046547 0.129032 
11.050726 0.126790 
11.054942 0.124535 
11.059817 0.121945 
11.064304 0.119582 
11.068576 0.117304 
11.073029 0.114919 
11.077467 0.112549 
11.081856 0.110217 
11.085960 0.108007 
11.090590 0.105549 
11.095068 0.103147 
11.099659 0.100683 
11.103851 0.098447 
11.108333 0.096051 
11.112728 0.093707 
11.117146 0.091342 
11.121329 0.089110 
11.125951 0.086638 
11.130272 0.084324 
11.134975 0.081814 
11.139118 0.079592 
11.143540 0.077256 
11.148158 0.074776 
11.150616 0.073478 
11.157310 0.071285 
11.160805 0.070107 
11.163203 0.066900 
11.170306 0.062778 
11.174457 0.060527 
11.177786 0.058934 
11.181858 0.057056 
11.186917 0.053922 
11.192022 0.051187 
11.196535 0.048789 
11.201097 0.046351 
11.205579 0.043959 
11.209141 0.042138 
11.212978 0.039954 
11.218706 0.036877 
11.223147 0.034624 
11.226548 0.032730 
11.231731 0.030037 
11.236464 0.027499 
11.240964 0.025161 
11.245270 0.022862 
11.249685 0.020491 
11.253767 0.018216 
11.258547 0.015613 
11.262656 0.013477 
11.267278 0.011030 
11.271274 0.008915 
11.276320 0.006239 
11.280508 0.003996 
11.284894 0.001655 
11.289493 -0.000793 
11.293481 -0.002947 
11.297044 -0.004918 
11.302502 -0.007842 
11.306660 -0.010079 
11.310431 -0.012171 
11.314637 -0.014293 
11.320354 -0.017412 
11.324542 -0.019744 
11.326223 -0.020784 
11.333244 -0.024211 
11.335384 -0.025275 
11.339569 -0.028120 
11.346723 -0.031436 
11.350735 -0.033829 
11.353055 -0.035201 
11.359810 -0.038575 
11.363931 -0.040840 
11.367608 -0.042587 
11.370770 -0.044665 
11.376361 -0.047857 
11.381516 -0.049875 
11.384391 -0.051459 
11.389923 -0.054810 
11.393290 -0.056749 
11.399177 -0.059359 
11.401740 -0.061092 
11.408401 -0.064650 
11.411637 -0.066186 
11.417207 -0.069285 
11.420811 -0.071310 
11.425940 -0.073999 
11.429783 -0.075951 
11.433642 -0.078201 
11.439011 -0.081472 
11.442649 -0.083103 
11.448247 -0.086387 
11.451991 -0.088213 
11.456353 -0.090874 
11.457166 -0.091366 
11.463962 -0.095488 
11.467893 -0.097667 
11.474475 -0.101036 
11.474853 -0.101222 
11.483217 -0.106874 
11.483528 -0.107166 
11.487781 -0.110863 
11.493929 -0.115476 
11.497187 -0.117844 
11.499428 -0.120779 
11.505591 -0.125188 
11.507679 -0.127072 
11.512073 -0.131815 
11.515920 -0.135508 
11.520443 -0.140742 
11.521537 -0.141942 
11.526134 -0.146944 
11.529977 -0.151976 
11.529645 -0.151884 
11.533450 -0.156563 
11.536509 -0.161040 
11.539685 -0.167079 
11.541830 -0.170875 
11.545106 -0.176877 
11.547536 -0.181881 
11.549580 -0.186819 
11.551683 -0.191377 
11.554485 -0.197405 
11.557034 -0.202572 
11.558172 -0.205077 
11.559978 -0.211487 
11.561404 -0.216387 
11.562230 -0.221217 
11.563547 -0.226437 
11.564237 -0.230957 
11.565639 -0.237356 
11.566200 -0.241436 
11.567052 -0.247096 
11.567329 -0.251595 
11.567858 -0.258525 
11.567844 -0.261275 
11.568057 -0.267775 
11.568204 -0.272585 
11.567921 -0.278445 
11.567465 -0.283645 
11.567158 -0.286605 
11.566748 -0.291815 
11.565981 -0.296415 
11.565264 -0.301345 
11.564255 -0.306096 
11.562905 -0.312146 
11.561225 -0.317396 
11.560255 -0.321736 
11.558887 -0.326337 
11.556612 -0.332027 
11.555043 -0.336676 
11.553112 -0.340927 
11.550250 -0.347377 
11.548995 -0.350787 
11.545976 -0.355948 
11.541651 -0.362639 
11.538640 -0.366479 
11.534113 -0.371950 
11.530223 -0.377061 
11.525913 -0.382061 
11.526416 -0.388591 
11.517690 -0.391423 
11.515683 -0.396223 
11.510263 -0.402004 
11.507704 -0.405795 
11.501588 -0.411606 
11.494330 -0.416826 
11.485315 -0.422357 
11.471966 -0.427010 
11.470095 -0.433780 
11.463863 -0.437311 
11.454811 -0.442303 
11.445445 -0.448426 
11.440183 -0.451685 
11.429002 -0.457959 
11.421047 -0.462530 
11.410741 -0.468169 
11.403185 -0.472735 
11.394735 -0.477748 
11.385470 -0.482974 
11.375455 -0.488269 
11.370109 -0.491795 
11.355141 -0.498541 
11.345159 -0.501510 
11.341178 -0.507894 
11.328762 -0.514677 
11.326356 -0.516606 
11.315684 -0.522949 
11.308336 -0.527428 
11.297295 -0.533435 
11.283543 -0.539174 
11.279216 -0.543563 
11.269788 -0.549186 
11.258746 -0.552728 
11.249162 -0.556683 
11.242802 -0.564356 
11.233316 -0.569367 
11.227674 -0.573608 
11.220470 -0.577497 
11.188990 -0.582158 
11.187048 -0.588388 
11.176611 -0.592209 
11.172390 -0.596170 
11.174251 -0.603997 
11.168328 -0.607958 
11.165904 -0.609733 
11.150343 -0.617937 
11.142975 -0.622293 
11.134178 -0.627231 
11.125373 -0.632426 
11.112514 -0.639375 
11.095953 -0.642013 
11.078556 -0.646356 
11.064177 -0.653769 
11.050510 -0.658621 
11.048521 -0.663652 
11.048370 -0.668281 
11.050069 -0.675137 
11.044136 -0.678814 
11.038030 -0.682795 
11.034357 -0.687100 
11.020300 -0.692684 
11.011421 -0.697746 
11.011394 -0.697761 
11.010709 -0.698149 
11.010273 -0.698392 
11.009232 -0.698990 
11.008638 -0.699338 
11.007561 -0.700104 
11.006620 -0.700574 
11.005721 -0.701066 
11.004635 -0.701616 
11.003648 -0.702123 
11.002664 -0.702656 
11.002023 -0.703023 
11.001207 -0.703557 
11.000281 -0.704228 
10.999449 -0.704867 
10.998363 -0.705721 
10.997448 -0.706430 
10.997081 -0.706685 
10.996419 -0.707124 
10.995722 -0.707522 
10.994946 -0.707901 
10.993911 -0.708389 
10.992897 -0.709030 
10.991668 -0.709176 
10.990777 -0.709392 
10.989951 -0.710200 
10.988951 -0.710721 
10.988064 -0.711200 
10.987014 -0.711809 
10.986016 -0.712401 
10.985578 -0.712659 
10.984631 -0.713186 
10.984164 -0.713444 
10.983192 -0.713965 
10.982273 -0.714485 
10.980969 -0.715271 
10.979983 -0.715909 
10.978957 -0.716633 
10.978513 -0.716962 
10.977620 -0.717650 
10.977314 -0.717891 
10.976452 -0.718524 
10.976052 -0.718797 
10.975242 -0.719341 
10.974417 -0.719865 
10.973264 -0.720575 
10.972231 -0.721137 
10.971216 -0.721684 
10.970331 -0.722163 
10.969580 -0.722571 
10.968827 -0.722966 
10.967977 -0.723388 
10.967090 -0.723810 
10.965550 -0.724582 
10.964571 -0.725086 
10.963484 -0.725341 
10.962934 -0.725769 
10.962146 -0.726748 
10.961097 -0.726786 
10.960257 -0.727373 
10.959728 -0.727555 
10.958912 -0.728184 
10.958103 -0.728537 
10.956882 -0.729189 
10.955644 -0.729861 
10.955244 -0.730080 
10.953970 -0.730810 
10.953300 -0.731203 
10.952274 -0.731789 
10.951803 -0.732083 
10.950802 -0.732588 
10.950145 -0.732932 
10.949441 -0.733320 
10.947892 -0.734269 
10.947218 -0.734687 
10.946517 -0.735113 
10.945271 -0.735833 
10.944402 -0.736308 
10.944122 -0.736464 
10.943155 -0.736996 
10.942283 -0.737454 
10.941608 -0.737807 
10.940897 -0.738173 
10.939627 -0.739100 
10.938859 -0.739145 
10.937588 -0.739949 
10.936651 -0.740482 
10.935596 -0.741127 
10.934959 -0.741523 
10.934004 -0.742147 
10.933415 -0.742531 
10.932962 -0.742798 
10.931765 -0.743479 
10.931095 -0.743842 
10.930302 -0.744252 
10.928830 -0.744652 
10.928174 -0.745437 
10.927108 -0.745790 
10.926544 -0.746899 
10.925485 -0.746960 
10.924670 -0.747833 
10.924176 -0.747895 
10.923325 -0.748381 
10.922163 -0.749452 
10.921500 -0.749339 
10.920386 -0.749769 
10.919574 -0.750403 
10.918662 -0.751307 
10.918010 -0.751596 
10.916593 -0.751918 
10.915972 -0.752282 
10.915013 -0.753164 
10.914107 -0.752547 
10.913290 -0.754179 
10.912467 -0.754835 
10.912073 -0.755054 
10.911058 -0.755374 
10.910146 -0.756054 
10.909545 -0.756797 
10.908762 -0.757200 
10.907292 -0.757430 
10.906920 -0.757746 
10.906134 -0.758244 
10.905204 -0.758774 
10.904270 -0.759054 
10.903361 -0.759902 
10.902587 -0.760403 
10.901785 -0.760934 
10.900900 -0.762167 
10.900154 -0.762332 
10.899298 -0.762830 
10.898408 -0.763328 
10.897733 -0.764122 
10.896441 -0.765086 
10.895186 -0.764804 
10.894990 -0.765449 
10.893479 -0.765788 
10.892755 -0.766215 
10.891841 -0.766892 
10.891296 -0.767692 
10.890412 -0.767555 
10.889714 -0.768129 
10.888840 -0.768635 
10.887565 -0.769084 
10.886531 -0.769672 
10.885950 -0.770188 
10.884836 -0.770678 
10.884403 -0.770806 
10.883634 -0.771658 
10.882804 -0.772242 
10.881661 -0.772357 
10.880848 -0.772950 
10.879329 -0.773537 
10.879196 -0.774111 
10.878415 -0.774780 
10.877807 -0.775630 
10.876462 -0.776200 
10.875968 -0.776442 
10.874976 -0.776803 
10.874150 -0.777192 
10.873422 -0.777893 
10.872594 -0.778379 
10.871772 -0.778754 
10.870785 -0.779103 
10.869338 -0.779493 
10.869120 -0.780160 
10.867857 -0.780630 
10.866570 -0.780917 
10.865508 -0.780713 
10.864719 -0.781850 
10.863836 -0.782423 
10.863166 -0.782862 
10.862582 -0.783291 
10.861624 -0.783670 
10.860680 -0.784295 
10.859471 -0.785002 
10.858787 -0.785880 
10.858338 -0.786224 
10.857037 -0.786992 
10.856390 -0.787411 
10.855789 -0.787529 
10.854837 -0.787777 
10.853916 -0.788220 
10.852810 -0.788644 
10.851768 -0.789359 
10.851110 -0.789941 
10.850470 -0.790050 
10.849561 -0.790738 
10.848712 -0.791147 
10.847383 -0.791743 
10.846665 -0.792663 
10.845960 -0.792437 
10.845355 -0.793435 
10.843880 -0.793896 
10.843312 -0.793952 
10.841985 -0.794733 
10.841222 -0.795172 
10.840502 -0.795644 
10.839791 -0.796698 
10.839135 -0.797102 
10.838509 -0.797478 
10.837694 -0.797845 
10.836766 -0.798218 
10.835671 -0.798719 
10.834490 -0.799132 
10.834040 -0.799977 
10.833218 -0.800615 
10.832092 -0.801063 
10.831468 -0.801201 
10.830520 -0.801657 
10.829493 -0.802058 
10.827945 -0.802452 
10.827826 -0.803070 
10.826902 -0.804114 
10.825845 -0.804380 
10.824570 -0.804810 
10.823938 -0.805539 
10.823173 -0.805873 
10.822482 -0.807061 
10.821900 -0.806929 
10.820791 -0.807649 
10.820073 -0.807945 
10.819402 -0.808444 
10.818318 -0.808663 
10.817470 -0.809275 
10.816634 -0.809707 
10.815729 -0.810139 
10.814592 -0.811193 
10.813933 -0.811108 
10.813201 -0.811842 
10.812259 -0.812209 
10.810946 -0.813035 
10.810493 -0.813210 
10.809469 -0.813454 
10.808708 -0.814299 
10.808024 -0.814856 
10.806997 -0.815115 
10.806010 -0.815927 
10.805243 -0.816075 
10.804001 -0.816705 
10.803522 -0.816935 
10.802274 -0.817672 
10.801585 -0.818382 
10.800727 -0.818875 
10.800104 -0.819115 
10.799300 -0.819463 
10.798695 -0.820218 
10.797695 -0.820725 
10.796789 -0.821235 
10.795921 -0.821873 
10.794975 -0.822293 
10.794153 -0.822851 
10.793306 -0.823323 
10.792276 -0.823940 
10.791444 -0.824398 
10.790580 -0.824902 
10.789729 -0.825388 
10.788643 -0.826006 
10.788032 -0.826430 
10.787166 -0.827089 
10.786386 -0.827457 
10.785491 -0.828006 
10.783911 -0.828125 
10.783162 -0.828708 
10.782937 -0.829403 
10.781757 -0.829373 
10.780916 -0.830018 
10.780258 -0.830742 
10.778916 -0.831175 
10.778346 -0.832211 
10.777323 -0.832578 
10.776410 -0.833097 
10.775593 -0.833462 
10.774335 -0.833518 
10.773591 -0.833968 
10.772656 -0.834549 
10.771910 -0.835079 
10.771091 -0.835842 
10.770146 -0.836264 
10.769436 -0.836472 
10.768553 -0.837245 
10.767660 -0.837578 
10.767075 -0.838025 
10.766356 -0.838520 
10.765347 -0.838952 
10.764316 -0.839606 
10.763555 -0.840129 
10.762918 -0.840385 
10.761771 -0.840816 
10.760592 -0.841716 
10.759998 -0.842148 
10.759352 -0.842610 
10.758136 -0.843324 
10.757536 -0.843705 
10.756271 -0.843667 
10.755377 -0.844259 
10.754439 -0.845138 
10.754080 -0.845779 
10.752884 -0.846508 
10.751824 -0.846306 
10.751284 -0.846953 
10.750591 -0.847453 
10.749446 -0.848010 
10.748864 -0.848442 
10.747830 -0.849051 
10.747069 -0.849414 
10.746275 -0.849796 
10.745386 -0.850398 
10.744526 -0.851009 
10.743288 -0.851866 
10.742617 -0.851780 
10.741410 -0.852087 
10.740335 -0.853007 
10.739841 -0.853594 
10.739042 -0.853728 
10.738254 -0.854606 
10.736663 -0.854623 
10.736079 -0.855334 
10.735516 -0.855921 
10.734807 -0.857100 
10.734198 -0.856881 
10.733136 -0.857623 
10.732096 -0.858180 
10.731948 -0.858708 
10.730774 -0.858931 
10.730149 -0.859732 
10.728977 -0.859736 
10.728235 -0.860534 
10.726701 -0.861033 
10.725731 -0.860909 
10.725324 -0.861687 
10.724373 -0.862483 
10.723193 -0.862998 
10.723075 -0.863779 
10.721558 -0.864329 
10.720845 -0.864572 
10.720169 -0.864820 
10.719121 -0.865668 
10.718427 -0.865904 
10.717589 -0.866453 
10.716115 -0.867037 
10.715601 -0.867469 
10.714689 -0.867767 
10.713975 -0.868876 
10.713241 -0.868719 
10.712139 -0.869211 
10.711338 -0.869825 
10.710287 -0.870665 
10.710136 -0.871288 
10.708893 -0.871914 
10.708125 -0.872143 
10.706855 -0.872984 
10.706055 -0.873318 
10.705697 -0.874062 
10.704616 -0.874709 
10.703704 -0.875149 
10.702820 -0.875274 
10.701417 -0.875581 
10.701061 -0.876368 
10.700393 -0.876430 
10.699420 -0.876741 
10.698629 -0.877292 
10.697886 -0.877908 
10.696883 -0.878490 
10.695614 -0.879051 
10.694987 -0.879566 
10.694325 -0.880080 
10.693160 -0.880420 
10.692448 -0.880787 
10.691546 -0.881224 
10.690412 -0.882020 
10.689348 -0.882457 
10.688759 -0.882937 
10.687984 -0.883093 
10.686525 -0.883825 
10.685970 -0.884648 
10.685313 -0.884970 
10.684572 -0.885628 
10.683577 -0.886023 
10.682557 -0.886637 
10.682073 -0.886858 
10.681308 -0.887473 
10.680446 -0.887860 
10.679478 -0.888302 
10.678310 -0.888818 
10.677630 -0.889422 
10.676970 -0.889880 
10.675560 -0.890354 
10.674757 -0.890642 
10.673742 -0.891285 
10.673113 -0.891837 
10.672215 -0.892744 
10.671240 -0.893074 
10.670868 -0.893412 
10.669627 -0.894082 
10.668904 -0.894912 
10.668381 -0.895065 
10.667127 -0.895570 
10.666354 -0.896012 
10.665448 -0.896463 
10.664098 -0.896397 
10.663500 -0.897165 
10.662794 -0.897985 
10.661910 -0.898232 
10.661327 -0.898503 
10.660008 -0.899278 
10.659418 -0.899596 
10.658527 -0.900395 
10.657534 -0.900612 
10.656565 -0.901376 
10.655962 -0.901631 
10.655085 -0.902091 
10.654113 -0.902768 
10.653205 -0.903235 
10.652396 -0.903714 
10.651512 -0.904203 
10.650672 -0.904668 
10.649743 -0.905219 
10.648926 -0.905664 
10.648107 -0.906164 
10.647278 -0.906649 
10.646421 -0.907125 
10.645589 -0.907603 
10.644694 -0.908113 
10.643791 -0.908629 
10.642941 -0.909116 
10.642129 -0.909648 
10.640830 -0.910460 
10.640398 -0.910711 
10.639479 -0.911038 
10.638313 -0.911578 
10.637468 -0.912436 
10.636890 -0.913563 
10.635722 -0.913614 
10.635024 -0.913945 
10.634416 -0.914291 
10.633482 -0.914734 
10.632380 -0.915344 
10.631521 -0.915654 
10.630454 -0.916408 
10.629557 -0.916651 
10.629245 -0.917114 
10.628286 -0.917976 
10.627665 -0.917997 
10.626658 -0.918471 
10.625721 -0.919050 
10.624685 -0.919634 
10.623487 -0.919776 
10.622760 -0.919853 
10.621118 -0.919198 
10.620080 -0.919497 
10.619111 -0.919837 
10.619269 -0.922109 
10.618326 -0.923018 
10.617683 -0.923486 
10.616842 -0.924029 
10.615662 -0.924001 
10.614927 -0.924811 
10.613775 -0.925758 
10.613042 -0.926066 
10.612268 -0.926566 
10.611384 -0.926914 
10.610525 -0.927648 
10.609650 -0.928375 
10.609083 -0.928491 
10.608236 -0.929065 
10.607410 -0.929473 
10.606490 -0.930000 
10.605292 -0.930785 
10.604588 -0.931066 
10.604000 -0.931588 
10.603078 -0.932090 
10.602057 -0.932441 
10.601361 -0.933419 
10.600059 -0.933499 
10.599280 -0.934071 
10.598548 -0.934684 
10.597766 -0.935050 
10.596741 -0.935855 
10.595639 -0.935117 
10.594415 -0.935635 
10.587994 -0.926111 
10.586388 -0.924571 
10.585307 -0.924634 
10.584567 -0.925374 
10.586463 -0.931171 
10.586258 -0.933353 
10.585196 -0.933610 
10.585525 -0.935355 
10.585285 -0.937133 
10.584656 -0.938068 
10.583803 -0.938611 
10.582902 -0.939049 
10.581666 -0.939366 
10.579753 -0.938658 
10.577556 -0.936244 
10.574840 -0.933627 
10.569995 -0.927405 
10.566270 -0.922863 
10.562668 -0.918534 
10.561805 -0.918555 
10.560805 -0.918438 
10.557133 -0.915015 
10.555857 -0.913850 
10.554810 -0.914055 
10.553977 -0.914531 
10.553133 -0.915050 
10.552539 -0.916066 
10.552732 -0.918379 
10.553235 -0.921375 
10.554349 -0.926126 
10.557167 -0.933276 
10.563574 -0.946383 
10.564035 -0.948540 
10.563294 -0.949239 
10.562410 -0.949727 
10.561690 -0.950504 
10.560795 -0.950992 
10.559960 -0.951385 
10.559236 -0.952034 
10.557800 -0.952182 
10.554576 -0.948273 
10.545226 -0.933743 
10.544097 -0.933259 
10.543106 -0.933500 
10.542059 -0.933805 
10.540779 -0.933540 
10.539163 -0.932789 
10.537314 -0.931730 
10.536315 -0.931996 
10.535417 -0.932501 
10.534557 -0.932991 
10.533698 -0.933484 
10.532785 -0.933982 
10.531825 -0.934378 
10.530911 -0.934834 
10.529755 -0.934767 
10.527459 -0.933570 
10.526663 -0.933446 
10.525590 -0.933484 
10.524722 -0.933920 
10.518367 -0.925459 
10.516863 -0.924096 
10.515961 -0.924454 
10.515047 -0.924969 
10.511105 -0.920793 
10.509534 -0.919151 
10.507458 -0.917715 
10.506327 -0.917793 
10.505444 -0.918283 
10.504532 -0.918803 
10.503640 -0.919317 
10.504949 -0.924329 
10.513605 -0.941514 
10.524936 -0.963319 
10.524972 -0.965297 
10.524072 -0.965072 
10.523129 -0.965559 
10.522289 -0.966044 
10.521476 -0.966496 
10.520653 -0.966971 
10.519608 -0.967036 
10.518244 -0.966584 
10.514126 -0.962220 
10.505157 -0.948378 
10.492574 -0.928231 
10.489561 -0.925094 
10.486152 -0.921325 
10.483382 -0.918957 
10.482180 -0.917862 
10.478764 -0.914503 
10.476521 -0.912633 
10.475264 -0.911824 
10.474222 -0.912258 
10.473316 -0.912770 
10.471729 -0.912027 
10.470670 -0.912129 
10.469757 -0.912648 
10.468927 -0.913130 
10.467306 -0.912209 
10.466232 -0.912264 
10.465394 -0.912752 
10.464586 -0.913213 
10.463699 -0.913717 
10.465493 -0.919538 
10.465830 -0.921357 
10.465107 -0.922207 
10.464178 -0.922738 
10.463327 -0.923225 
10.462599 -0.923926 
10.462229 -0.925374 
10.461893 -0.926842 
10.461244 -0.927761 
10.460359 -0.928267 
10.459509 -0.928755 
10.458666 -0.929235 
10.457789 -0.929736 
10.458160 -0.933287 
10.459712 -0.937375 
10.459980 -0.939477 
10.460042 -0.941560 
10.459437 -0.942376 
10.458676 -0.942959 
10.458602 -0.945651 
10.459341 -0.948193 
10.462930 -0.957196 
10.474097 -0.978453 
10.474388 -0.980696 
10.473776 -0.981661 
10.472842 -0.982203 
10.471960 -0.982715 
10.471086 -0.983221 
10.470217 -0.983715 
10.469272 -0.984260 
10.468378 -0.984770 
10.465739 -0.982812 
10.464718 -0.982396 
10.464751 -0.984954 
10.464810 -0.986609 
10.464126 -0.987267 
10.463262 -0.987749 
10.462413 -0.988238 
10.461590 -0.988713 
10.460682 -0.989201 
10.459720 -0.989574 
10.458871 -0.990062 
10.458018 -0.990545 
10.457097 -0.990989 
10.450071 -0.981354 
10.443500 -0.971889 
10.442032 -0.970591 
10.437592 -0.965783 
10.436215 -0.964461 
10.435029 -0.964442 
10.433596 -0.964071 
10.432398 -0.963930 
10.431523 -0.964414 
10.430607 -0.964928 
10.429927 -0.965611 
10.431275 -0.970349 
10.441707 -0.990540 
10.442076 -0.992618 
10.441343 -0.993108 
10.439729 -0.992925 
10.438689 -0.992596 
10.437870 -0.993139 
10.437507 -0.994580 
10.437964 -0.997454 
10.437969 -0.999640 
10.437141 -1.000288 
10.436252 -1.000807 
10.435363 -1.001308 
10.434496 -1.001807 
10.433567 -1.002337 
10.432681 -1.002842 
10.431804 -1.003343 
10.430954 -1.003831 
10.430050 -1.004345 
10.429226 -1.004818 
10.428365 -1.005308 
10.427533 -1.005786 
10.426673 -1.006277 
10.425830 -1.006756 
10.424955 -1.007260 
10.424040 -1.007775 
10.422574 -1.007993 
10.421650 -1.007483 
10.420664 -1.007813 
10.419804 -1.008304 
10.418921 -1.008815 
10.418050 -1.009305 
10.417155 -1.009815 
10.415487 -1.009356 
10.408966 -1.000261 
10.407500 -0.999026 
10.406501 -0.999253 
10.405602 -0.999756 
10.404706 -1.000264 
10.403892 -1.000734 
10.403100 -1.001183 
10.402303 -1.001662 
10.401755 -1.002537 
10.405826 -1.012242 
10.406207 -1.014198 
10.405440 -1.014892 
10.404514 -1.015409 
10.403659 -1.015907 
10.402710 -1.016444 
10.401807 -1.016960 
10.400915 -1.017474 
10.400029 -1.017979 
10.397565 -1.016309 
10.396659 -1.015993 
10.395523 -1.016141 
10.394599 -1.016661 
10.393724 -1.017165 
10.392874 -1.017652 
10.391959 -1.018168 
10.390977 -1.018425 
10.387688 -1.015067 
10.386014 -1.013670 
10.383147 -1.011070 
10.381673 -1.009962 
10.380677 -1.010315 
10.379810 -1.010814 
10.378957 -1.011296 
10.378115 -1.011778 
10.377230 -1.012285 
10.376353 -1.012786 
10.375476 -1.013287 
10.374573 -1.013804 
10.373678 -1.014313 
10.372810 -1.014810 
10.371864 -1.015350 
10.371004 -1.015841 
10.370180 -1.016313 
10.369424 -1.017007 
10.369169 -1.018596 
10.368973 -1.020169 
10.370137 -1.024544 
10.370339 -1.026368 
10.369713 -1.027006 
10.368858 -1.027486 
10.367956 -1.028003 
10.367054 -1.028521 
10.366176 -1.029019 
10.365291 -1.029526 
10.364378 -1.030046 
10.363493 -1.030553 
10.362625 -1.031049 
10.361748 -1.031551 
10.360880 -1.032047 
10.360029 -1.032533 
10.357931 -1.031583 
10.356576 -1.030661 
10.355603 -1.031014 
10.354683 -1.031521 
10.353648 -1.031766 
10.352592 -1.031874 
10.351743 -1.032343 
10.350921 -1.032818 
10.350080 -1.033301 
10.349243 -1.033772 
10.348367 -1.034275 
10.347499 -1.034771 
10.346648 -1.035257 
10.345797 -1.035743 
10.344903 -1.036255 
10.344069 -1.036851 
10.343326 -1.037626 
10.342455 -1.038139 
10.341549 -1.038649 
10.340654 -1.039159 
10.339762 -1.039674 
10.338909 -1.040156 
10.338085 -1.040629 
10.337208 -1.041130 
10.336305 -1.041646 
10.335471 -1.042122 
10.334655 -1.042566 
10.333827 -1.043032 
10.333021 -1.043495 
10.332194 -1.043964 
10.331291 -1.044480 
10.330406 -1.044987 
10.329529 -1.045487 
10.328634 -1.045998 
10.327731 -1.046514 
10.326846 -1.047020 
10.325951 -1.047531 
10.325076 -1.048034 
10.324207 -1.048529 
10.323338 -1.049023 
10.322393 -1.049567 
10.321497 -1.050076 
10.320621 -1.050578 
10.319753 -1.051074 
10.318858 -1.051584 
10.318034 -1.052056 
10.317199 -1.052532 
10.316375 -1.053004 
10.315550 -1.053474 
10.314724 -1.053945 
10.313839 -1.054452 
