-0.000258 1.943232 
0.000005 1.943633 
0.000318 1.943913 
0.000738 1.944560 
0.001154 1.944889 
0.001265 1.945159 
0.001682 1.945503 
0.002118 1.946254 
0.002457 1.946490 
0.002780 1.947158 
0.003119 1.947546 
0.003391 1.947920 
0.003752 1.948036 
0.004029 1.948482 
0.004466 1.949154 
0.004548 1.949583 
0.005214 1.949589 
0.005169 1.950210 
0.005800 1.950427 
0.005958 1.951025 
0.006308 1.951386 
0.006655 1.951564 
0.007065 1.952362 
0.007219 1.952489 
0.007847 1.952817 
0.008112 1.953431 
0.008386 1.953755 
0.008789 1.954008 
0.008922 1.954637 
0.009411 1.954788 
0.009575 1.955197 
0.009879 1.955748 
0.010308 1.956139 
0.010445 1.956317 
0.010768 1.956677 
0.011040 1.957037 
0.011444 1.957504 
0.011806 1.958003 
0.012006 1.958307 
0.012465 1.958663 
0.012677 1.959338 
0.013077 1.959271 
0.013357 1.960036 
0.013850 1.960152 
0.014006 1.960784 
0.014464 1.961234 
0.014597 1.961662 
0.014857 1.961944 
0.015267 1.962217 
0.015721 1.962903 
0.016066 1.963238 
0.016316 1.963791 
0.016688 1.963925 
0.016968 1.964213 
0.017442 1.964889 
0.017588 1.964980 
0.017807 1.965493 
0.018104 1.965945 
0.018413 1.966353 
0.018789 1.966746 
0.019159 1.967066 
0.019262 1.967684 
0.019662 1.968093 
0.019846 1.968663 
0.020036 1.969133 
0.020493 1.969305 
0.021262 1.969161 
0.021974 1.969084 
0.027778 1.963166 
0.030053 1.961492 
0.031375 1.960594 
0.032772 1.959699 
0.033932 1.958883 
0.034706 1.958625 
0.035280 1.958616 
0.036186 1.958296 
0.036743 1.958383 
0.038521 1.957075 
0.039241 1.956973 
0.039650 1.957324 
0.040029 1.957652 
0.040395 1.957963 
0.040795 1.958310 
0.041168 1.958627 
0.041554 1.958961 
0.041980 1.959324 
0.042350 1.959645 
0.042761 1.959995 
0.043164 1.960340 
0.043980 1.960371 
0.048649 1.955856 
0.051634 1.952893 
0.053270 1.951720 
0.053748 1.951929 
0.054102 1.952223 
0.054488 1.952556 
0.054891 1.952901 
0.055277 1.953234 
0.055651 1.953550 
0.056217 1.953658 
0.059916 1.950475 
0.060932 1.949750 
0.061297 1.950124 
0.061662 1.950466 
0.062077 1.950796 
0.062469 1.951137 
0.062842 1.951456 
0.063228 1.951788 
0.063579 1.952086 
0.064017 1.952328 
0.067110 1.949915 
0.068359 1.948777 
0.071325 1.946376 
0.072640 1.945271 
0.073100 1.945379 
0.073449 1.945694 
0.073816 1.946004 
0.074200 1.946338 
0.074581 1.946662 
0.074959 1.946991 
0.075347 1.947321 
0.075710 1.947635 
0.077690 1.946444 
0.078940 1.945445 
0.079441 1.945614 
0.079837 1.945950 
0.080217 1.946277 
0.080627 1.946628 
0.081000 1.946945 
0.081378 1.947273 
0.081766 1.947604 
0.082169 1.947948 
0.082571 1.948293 
0.082967 1.948630 
0.083345 1.948956 
0.083725 1.949280 
0.084112 1.949613 
0.083353 1.951298 
0.082166 1.953392 
0.080224 1.956753 
0.044947 1.998663 
0.045383 1.998938 
0.045790 1.999340 
0.046061 1.999778 
0.046294 2.000211 
0.046611 2.000564 
0.046855 2.000772 
0.047318 2.001430 
0.047639 2.001808 
0.047829 2.002001 
0.048176 2.002243 
0.048457 2.002698 
0.048830 2.003232 
0.049074 2.003561 
0.049496 2.004038 
0.049623 2.004257 
0.050051 2.004866 
0.050332 2.004906 
0.050656 2.005418 
0.050948 2.005723 
0.051282 2.006256 
0.051655 2.006605 
0.051968 2.007163 
0.052279 2.007307 
0.052584 2.007842 
0.053001 2.008261 
0.053301 2.008619 
0.053632 2.008970 
0.053915 2.009377 
0.054234 2.009713 
0.054560 2.010162 
0.054969 2.010668 
0.055247 2.010958 
0.055586 2.011347 
0.055869 2.011723 
0.056230 2.012117 
0.056587 2.012499 
0.056907 2.012925 
0.057223 2.013308 
0.057543 2.013704 
0.057884 2.014122 
0.058212 2.014522 
0.058537 2.014942 
0.058878 2.015344 
0.059213 2.015753 
0.059525 2.016171 
0.059838 2.016544 
0.060173 2.016937 
0.060554 2.017568 
0.060901 2.017978 
0.061200 2.018275 
0.061467 2.018592 
0.061754 2.018997 
0.061996 2.019220 
0.062383 2.019861 
0.062516 2.019981 
0.062965 2.020226 
0.063338 2.020882 
0.063540 2.021292 
0.063944 2.021820 
0.064341 2.021971 
0.064585 2.022456 
0.064785 2.022729 
0.065194 2.023266 
0.065454 2.023501 
0.065840 2.023926 
0.066109 2.024241 
0.066494 2.024684 
0.066838 2.025114 
0.067123 2.025425 
0.067457 2.025820 
0.067775 2.026233 
0.068133 2.026629 
0.068449 2.027028 
0.068767 2.027396 
0.069091 2.027801 
0.069413 2.028178 
0.069729 2.028578 
0.070034 2.028990 
0.070399 2.029349 
0.070738 2.029721 
0.070996 2.030158 
0.071313 2.030542 
0.071677 2.030931 
0.072000 2.031339 
0.072323 2.031745 
0.072644 2.032109 
0.072950 2.032504 
0.073272 2.032913 
0.073595 2.033273 
0.073893 2.033663 
0.074152 2.034114 
0.074558 2.034730 
0.074916 2.035128 
0.075017 2.035348 
0.075498 2.035754 
0.075661 2.036010 
0.076093 2.036491 
0.076361 2.036701 
0.076719 2.037297 
0.077218 2.037513 
0.077452 2.038147 
0.077780 2.038409 
0.077980 2.038946 
0.078255 2.039177 
0.078793 2.039425 
0.079253 2.039979 
0.079241 2.040517 
0.079729 2.040655 
0.079944 2.041249 
0.080424 2.041918 
0.080551 2.042276 
0.081193 2.042357 
0.081391 2.043033 
0.081836 2.043344 
0.082039 2.043538 
0.082251 2.043997 
0.082866 2.044524 
0.083169 2.044755 
0.083500 2.045291 
0.083863 2.045667 
0.083947 2.046305 
0.084380 2.046600 
0.084658 2.046814 
0.084847 2.047285 
0.085302 2.047783 
0.085689 2.048284 
0.086151 2.048390 
0.086105 2.048906 
0.086771 2.049143 
0.086942 2.049574 
0.087161 2.050025 
0.087605 2.050552 
0.087777 2.050628 
0.088125 2.050899 
0.088366 2.051355 
0.088805 2.051902 
0.088991 2.052239 
0.089381 2.052799 
0.089642 2.053016 
0.090017 2.053516 
0.090263 2.053736 
0.090552 2.054552 
0.091228 2.054562 
0.091467 2.055006 
0.091814 2.055352 
0.092220 2.055417 
0.092427 2.055898 
0.092696 2.056723 
0.093049 2.057064 
0.093294 2.057376 
0.093488 2.057857 
0.094066 2.058182 
0.094368 2.058506 
0.094502 2.059287 
0.094922 2.059287 
0.095252 2.059841 
0.095519 2.060144 
0.095839 2.060601 
0.096116 2.060876 
0.096486 2.061212 
0.096948 2.061764 
0.097046 2.062265 
0.097222 2.062535 
0.097883 2.062702 
0.098337 2.063048 
0.098570 2.063559 
0.098970 2.063924 
0.099272 2.064415 
0.099201 2.065052 
0.099732 2.064970 
0.099950 2.065484 
0.100355 2.065842 
0.100689 2.066281 
0.100874 2.066711 
0.101127 2.066955 
0.101492 2.067389 
0.101688 2.067730 
0.102056 2.068145 
0.102487 2.068702 
0.102754 2.068960 
0.103019 2.069295 
0.103346 2.069667 
0.103655 2.070122 
0.104146 2.070778 
0.104353 2.070935 
0.104820 2.071481 
0.105257 2.071817 
0.105476 2.072085 
0.105672 2.072670 
0.106353 2.072874 
0.106434 2.073364 
0.106526 2.074210 
0.106785 2.074753 
0.107064 2.075119 
0.107533 2.075340 
0.107964 2.075729 
0.108291 2.075884 
0.108459 2.076427 
0.108948 2.076594 
0.109462 2.077024 
0.109675 2.077373 
0.109967 2.077772 
0.110325 2.078152 
0.110661 2.078545 
0.111024 2.078919 
0.111368 2.079272 
0.111703 2.079649 
0.111951 2.080082 
0.112245 2.080477 
0.112550 2.080858 
0.112878 2.081259 
0.113214 2.081620 
0.113543 2.081974 
0.113821 2.082372 
0.114135 2.082713 
0.114476 2.083083 
0.114801 2.083472 
0.115141 2.083859 
0.115494 2.084232 
0.115789 2.085009 
0.116131 2.085440 
0.116416 2.085814 
0.116790 2.086116 
0.116984 2.086428 
0.117362 2.086679 
0.117673 2.087084 
0.117929 2.087569 
0.118350 2.087892 
0.118752 2.088483 
0.118949 2.088730 
0.119359 2.089436 
0.119552 2.089624 
0.120178 2.089955 
0.120177 2.090524 
0.120760 2.090689 
0.121016 2.091144 
0.121197 2.091671 
0.121765 2.091914 
0.121890 2.092306 
0.122230 2.092770 
0.122595 2.093328 
0.122924 2.093374 
0.123261 2.094134 
0.123553 2.094408 
0.123939 2.094833 
0.124116 2.095303 
0.124500 2.095331 
0.124753 2.095804 
0.125215 2.096371 
0.125458 2.096673 
0.125847 2.097094 
0.126059 2.097400 
0.126335 2.097770 
0.126550 2.097966 
0.126840 2.098333 
0.127125 2.098708 
0.127442 2.099107 
0.127774 2.099472 
0.128081 2.099883 
0.128423 2.100267 
0.128758 2.100629 
0.129086 2.101045 
0.129395 2.101438 
0.129736 2.101825 
0.130115 2.102212 
0.130485 2.102564 
0.130879 2.103148 
0.131100 2.103521 
0.131377 2.104213 
0.131625 2.104523 
0.132089 2.104903 
0.132533 2.105138 
0.132810 2.105507 
0.133115 2.105980 
0.133515 2.106436 
0.133769 2.107031 
0.133861 2.107338 
0.134311 2.107860 
0.134589 2.108211 
0.134879 2.108625 
0.135484 2.108887 
0.135710 2.109223 
0.135986 2.109485 
0.136368 2.109884 
0.136854 2.110454 
0.137188 2.110818 
0.137388 2.110968 
0.137641 2.111456 
0.138161 2.111834 
0.138206 2.112427 
0.138789 2.112685 
0.138993 2.113123 
0.139250 2.113561 
0.139543 2.114017 
0.139781 2.114385 
0.140062 2.114748 
0.140583 2.115216 
0.140717 2.115383 
0.141206 2.115581 
0.141482 2.116366 
0.141718 2.116520 
0.142010 2.116964 
0.142360 2.117262 
0.142747 2.117686 
0.143013 2.118084 
0.143226 2.118680 
0.143631 2.119160 
0.143892 2.119609 
0.144193 2.119842 
0.144485 2.120208 
0.144982 2.120781 
0.145242 2.121046 
0.145672 2.121251 
0.146221 2.121624 
0.146475 2.121959 
0.146602 2.122502 
0.146941 2.123058 
0.147287 2.123485 
0.147585 2.123784 
0.148234 2.124071 
0.148480 2.124489 
0.148580 2.124898 
0.149033 2.125507 
0.149295 2.125815 
0.149563 2.126223 
0.149822 2.126473 
0.150122 2.126830 
0.150432 2.127190 
0.150696 2.127637 
0.151196 2.128189 
0.151382 2.128481 
0.151741 2.128999 
0.152086 2.129256 
0.152405 2.129470 
0.152638 2.129735 
0.152966 2.130274 
0.153324 2.130809 
0.153429 2.131040 
0.153917 2.131686 
0.154310 2.131841 
0.154613 2.132302 
0.154785 2.132793 
0.155242 2.132798 
0.155735 2.133498 
0.155995 2.133963 
0.156310 2.134226 
0.156567 2.134448 
0.156775 2.135020 
0.157216 2.135658 
0.157660 2.136001 
0.157969 2.136331 
0.158189 2.136615 
0.158554 2.136910 
0.158891 2.137499 
0.159078 2.137804 
0.159487 2.138387 
0.159874 2.138936 
0.160161 2.138907 
0.160381 2.139357 
0.160777 2.139772 
0.161162 2.140336 
0.161465 2.140659 
0.161746 2.141007 
0.162049 2.141390 
0.162404 2.141807 
0.162744 2.142164 
0.163085 2.142549 
0.163384 2.142922 
0.163700 2.143292 
0.163999 2.143681 
0.164320 2.144075 
0.164641 2.144452 
0.164930 2.144823 
0.165233 2.145176 
0.165537 2.145543 
0.165841 2.145911 
0.166169 2.146312 
0.166478 2.146721 
0.166745 2.147161 
0.167189 2.147812 
0.167563 2.148052 
0.167923 2.148277 
0.168042 2.148937 
0.168424 2.149292 
0.168696 2.149588 
0.169095 2.150275 
0.169384 2.150322 
0.169704 2.150809 
0.170184 2.151341 
0.170456 2.151808 
0.170871 2.152107 
0.171100 2.152500 
0.171373 2.152736 
0.171717 2.153302 
0.172122 2.153797 
0.172337 2.153992 
0.172614 2.154392 
0.172996 2.154699 
0.173382 2.155309 
0.173664 2.155656 
0.174087 2.156116 
0.174277 2.156646 
0.174400 2.156858 
0.174953 2.157057 
0.175349 2.157532 
0.175583 2.157966 
0.175848 2.158225 
0.176220 2.158745 
0.176517 2.159136 
0.176818 2.159568 
0.177062 2.159760 
0.177390 2.160206 
0.177667 2.160529 
0.177970 2.160867 
0.178295 2.161210 
0.178638 2.161578 
0.178976 2.161968 
0.179200 2.162444 
0.179763 2.162987 
0.179990 2.163336 
0.180288 2.163694 
0.180577 2.164050 
0.180869 2.164354 
0.181258 2.164960 
0.181598 2.165394 
0.181952 2.165842 
0.182355 2.166293 
0.182507 2.166484 
0.182879 2.166789 
0.183241 2.167226 
0.183639 2.168038 
0.184031 2.168179 
0.184324 2.168606 
0.184566 2.168862 
0.184888 2.169300 
0.185187 2.169613 
0.185538 2.170048 
0.185860 2.170395 
0.186186 2.170783 
0.186522 2.171205 
0.186827 2.171603 
0.187190 2.171993 
0.187519 2.172408 
0.187857 2.172798 
0.188205 2.173237 
0.188499 2.173632 
0.188836 2.174008 
0.189115 2.174405 
0.189443 2.174743 
0.189766 2.175103 
0.190077 2.175479 
0.190399 2.175856 
0.190659 2.176261 
0.190958 2.176619 
0.191255 2.177148 
0.191693 2.177635 
0.191856 2.177830 
0.192207 2.178587 
0.192518 2.178763 
0.192902 2.179115 
0.193097 2.179393 
0.193518 2.179671 
0.193721 2.180203 
0.194358 2.180626 
0.194510 2.181172 
0.194873 2.181671 
0.195149 2.181871 
0.195539 2.182354 
0.195939 2.182808 
0.196106 2.183075 
0.196614 2.183558 
0.196703 2.183792 
0.197049 2.184188 
0.197364 2.184573 
0.197759 2.185080 
0.198093 2.185536 
0.198330 2.185721 
0.198634 2.186135 
0.199071 2.186685 
0.199339 2.187080 
0.199615 2.187280 
0.199915 2.187759 
0.200371 2.188257 
0.200608 2.188457 
0.200930 2.188850 
0.201200 2.189273 
0.201630 2.189786 
0.201898 2.190194 
0.202300 2.190663 
0.202476 2.190781 
0.202841 2.191323 
0.203285 2.191804 
0.203446 2.192076 
0.203731 2.192251 
0.204034 2.192772 
0.204415 2.193174 
0.204713 2.193548 
0.204930 2.193817 
0.205296 2.194420 
0.205712 2.194703 
0.205995 2.195065 
0.206216 2.195406 
0.206565 2.195874 
0.206979 2.196605 
0.207516 2.196625 
0.207740 2.197086 
0.208173 2.197532 
0.208409 2.197964 
0.208601 2.198355 
0.209067 2.198749 
0.209255 2.199052 
0.209629 2.199429 
0.209936 2.199933 
0.210271 2.200233 
0.210645 2.200689 
0.210907 2.201074 
0.211238 2.201503 
0.211672 2.202104 
0.211911 2.202331 
0.212327 2.202876 
0.212639 2.203341 
0.212858 2.203485 
0.213212 2.203962 
0.213526 2.204319 
0.213856 2.204718 
0.214166 2.205093 
0.214502 2.205470 
0.214804 2.205811 
0.215129 2.206197 
0.215435 2.206564 
0.215771 2.206940 
0.216068 2.207317 
0.216369 2.207689 
0.216656 2.208059 
0.216969 2.208416 
0.217283 2.208788 
0.217613 2.209186 
0.217947 2.209597 
0.218279 2.209993 
0.218619 2.210394 
0.218916 2.210801 
0.219234 2.211198 
0.219651 2.211896 
0.220010 2.212199 
0.220307 2.212606 
0.220581 2.212762 
0.220807 2.213267 
0.221154 2.213693 
0.221601 2.214200 
0.221884 2.214500 
0.222233 2.215123 
0.222466 2.215205 
0.222885 2.215822 
0.223223 2.216348 
0.223611 2.216419 
0.223696 2.216889 
0.224090 2.217289 
0.224492 2.217589 
0.224783 2.218171 
0.225166 2.218539 
0.225491 2.218868 
0.225666 2.219107 
0.226056 2.219438 
0.226462 2.220100 
0.226619 2.220425 
0.227041 2.220931 
0.227217 2.221201 
0.227692 2.221339 
0.228071 2.221805 
0.228363 2.222155 
0.228499 2.223104 
0.228856 2.223301 
0.229109 2.223653 
0.229644 2.223658 
0.229808 2.224158 
0.230119 2.224562 
0.230445 2.225044 
0.230739 2.225454 
0.230974 2.225579 
0.231312 2.226015 
0.231695 2.226474 
0.232007 2.227047 
0.232331 2.227192 
0.232617 2.227565 
0.232866 2.228074 
0.233289 2.228410 
0.233539 2.228886 
0.234041 2.229147 
0.234498 2.229520 
0.234593 2.230501 
0.235338 2.230567 
0.235522 2.230954 
0.235623 2.231420 
0.235998 2.231811 
0.236508 2.232123 
0.236629 2.232628 
0.237079 2.233239 
0.237300 2.233274 
0.237731 2.233893 
0.237887 2.234171 
0.238357 2.234714 
0.238524 2.235010 
0.238940 2.235510 
0.239159 2.235807 
0.239907 2.236041 
0.240141 2.236551 
0.240528 2.237068 
0.240684 2.237363 
0.240787 2.237688 
0.241447 2.238025 
0.241661 2.238682 
0.241786 2.238798 
0.242181 2.239490 
0.242481 2.239631 
0.242755 2.240172 
0.243006 2.240231 
0.243345 2.240820 
0.243780 2.241388 
0.243973 2.241656 
0.244412 2.242218 
0.244917 2.242337 
0.245110 2.242833 
0.245262 2.243085 
0.245727 2.243789 
0.245896 2.243960 
0.246290 2.244254 
0.246660 2.244883 
0.246943 2.245044 
0.247163 2.245464 
0.247585 2.246109 
0.248027 2.246268 
0.248373 2.246741 
0.248493 2.247139 
0.248920 2.247564 
0.249190 2.247817 
0.249584 2.248448 
0.249849 2.248539 
0.250127 2.249029 
0.250470 2.249505 
0.250920 2.250055 
0.251226 2.250466 
0.251452 2.250525 
0.251895 2.251191 
0.252335 2.251508 
0.252502 2.251959 
0.252641 2.252257 
0.253142 2.252750 
0.253556 2.253019 
0.253779 2.253481 
0.253946 2.253855 
0.254352 2.254273 
0.254584 2.254370 
0.254933 2.254901 
0.255147 2.255280 
0.255429 2.255506 
0.255708 2.255873 
0.256130 2.256409 
0.256476 2.256835 
0.256673 2.257020 
0.257054 2.257387 
0.257318 2.257756 
0.257658 2.258251 
0.258035 2.258948 
0.258267 2.259139 
0.258992 2.259399 
0.258970 2.259901 
0.259461 2.260527 
0.259831 2.260987 
0.260082 2.261402 
0.260523 2.261562 
0.260846 2.262077 
0.260966 2.262337 
0.261360 2.262753 
0.261718 2.263320 
0.262063 2.263609 
0.262330 2.263911 
0.262662 2.264369 
0.262970 2.264686 
0.263285 2.265086 
0.263616 2.265454 
0.263935 2.265866 
0.264280 2.266247 
0.264622 2.266647 
0.264965 2.267046 
0.265282 2.267506 
0.265596 2.267877 
0.265947 2.268266 
0.266257 2.268627 
0.266563 2.269007 
0.266902 2.269366 
0.267198 2.269788 
0.267531 2.270168 
0.267833 2.270553 
0.268141 2.270917 
0.268431 2.271300 
0.268748 2.271668 
0.269093 2.272050 
0.269400 2.272474 
0.269735 2.272853 
0.270097 2.273522 
0.270473 2.273835 
0.270665 2.274150 
0.271095 2.274785 
0.271444 2.275115 
0.271611 2.275259 
0.271915 2.275733 
0.272290 2.276003 
0.272689 2.276506 
0.272990 2.276970 
0.273251 2.277233 
0.273592 2.277666 
0.273898 2.278046 
0.274277 2.278450 
0.274590 2.278837 
0.274914 2.279243 
0.275255 2.279629 
0.275576 2.280037 
0.275905 2.280437 
0.276249 2.280851 
0.276558 2.281243 
0.276872 2.281614 
0.277163 2.282013 
0.277499 2.282404 
0.277824 2.282810 
0.278111 2.283443 
0.278315 2.283773 
0.278652 2.284057 
0.279137 2.284674 
0.279454 2.284918 
0.279749 2.285281 
0.280181 2.285653 
0.280290 2.285833 
0.280758 2.286332 
0.280860 2.286629 
0.281315 2.287265 
0.281485 2.287358 
0.281910 2.288124 
0.282114 2.288270 
0.282545 2.288611 
0.282697 2.289034 
0.283123 2.289305 
0.283596 2.290013 
0.283800 2.290082 
0.284108 2.290646 
0.284541 2.291200 
0.284745 2.291362 
0.285263 2.292033 
0.285457 2.292330 
0.285865 2.292929 
0.286103 2.292975 
0.286545 2.293689 
0.286766 2.293784 
0.287109 2.294291 
0.287543 2.294768 
0.287854 2.295264 
0.288102 2.295298 
0.288453 2.295903 
0.288709 2.296143 
0.289041 2.296632 
0.289486 2.297096 
0.289798 2.297623 
0.290173 2.297893 
0.290362 2.298224 
0.290837 2.298885 
0.291044 2.298949 
0.291334 2.299365 
0.291661 2.299783 
0.291961 2.300124 
0.292283 2.300503 
0.292612 2.300870 
0.292906 2.301266 
0.293234 2.301652 
0.293544 2.301997 
0.293854 2.302342 
0.294156 2.302711 
0.294446 2.303080 
0.294782 2.303472 
0.295117 2.303865 
0.295430 2.304251 
0.295748 2.304666 
0.296073 2.305041 
0.296398 2.305429 
0.296712 2.305831 
0.297066 2.306201 
0.297384 2.306645 
0.297629 2.307127 
0.298135 2.307782 
0.298451 2.308212 
0.298860 2.308396 
0.298897 2.308844 
0.299414 2.309210 
0.299751 2.309507 
0.299967 2.310086 
0.300452 2.310518 
0.300710 2.310771 
0.301018 2.311165 
0.301307 2.311488 
0.301620 2.311907 
0.301941 2.312300 
0.302275 2.312679 
0.302593 2.313045 
0.302907 2.313418 
0.303248 2.313802 
0.303577 2.314203 
0.303910 2.314599 
0.304228 2.314950 
0.304518 2.315364 
0.304854 2.315756 
0.305148 2.316120 
0.305452 2.316504 
0.305777 2.316908 
0.306096 2.317274 
0.306405 2.317650 
0.306685 2.318015 
0.306992 2.318502 
0.307312 2.318866 
0.307741 2.319457 
0.307933 2.319648 
0.308255 2.319978 
0.308678 2.320562 
0.308897 2.320797 
0.309377 2.321453 
0.309670 2.321755 
0.309878 2.321928 
0.310234 2.322358 
0.310609 2.323025 
0.310988 2.323520 
0.311411 2.323625 
0.311539 2.324138 
0.311952 2.324547 
0.312469 2.324880 
0.312620 2.325628 
0.312785 2.325741 
0.313226 2.326011 
0.313445 2.326478 
0.313842 2.327136 
0.314356 2.327336 
0.314640 2.327834 
0.314834 2.327993 
0.315165 2.328482 
0.315520 2.328804 
0.315862 2.329268 
0.316292 2.329856 
0.316511 2.330139 
0.316941 2.330682 
0.317283 2.330867 
0.317584 2.331315 
0.317843 2.331504 
0.318154 2.331957 
0.318355 2.332338 
0.318723 2.332722 
0.319033 2.333098 
0.319324 2.333465 
0.319642 2.333817 
0.319937 2.334179 
0.320239 2.334564 
0.320575 2.334941 
0.320906 2.335353 
0.321229 2.335746 
0.321582 2.336133 
0.321893 2.336522 
0.322204 2.336913 
0.322512 2.337323 
0.322855 2.337720 
0.323203 2.338129 
0.323534 2.338512 
0.323880 2.338922 
0.324215 2.339284 
0.324526 2.339674 
0.324864 2.340048 
0.325094 2.340579 
0.325608 2.341224 
0.325874 2.341467 
0.326130 2.341952 
0.326550 2.342292 
0.326836 2.342759 
0.327174 2.343255 
0.327437 2.343270 
0.327871 2.344025 
0.328087 2.344280 
0.328387 2.344651 
0.328659 2.344918 
0.329001 2.345241 
0.329293 2.345700 
0.329644 2.346090 
0.329940 2.346466 
0.330268 2.346853 
0.330608 2.347225 
0.330923 2.347594 
0.331234 2.347968 
0.331576 2.348337 
0.331895 2.348719 
0.332177 2.349113 
0.332475 2.349441 
0.332786 2.349800 
0.333104 2.350183 
0.333424 2.350593 
0.333746 2.350986 
0.334077 2.351368 
0.334415 2.351771 
0.334709 2.352153 
0.335055 2.352547 
0.335352 2.352954 
0.335687 2.353331 
0.336041 2.353763 
0.336294 2.354237 
0.336805 2.354900 
0.337147 2.355209 
0.337346 2.355544 
0.337737 2.356149 
0.338112 2.356495 
0.338321 2.356805 
0.338713 2.357101 
0.338999 2.357566 
0.339338 2.357908 
0.339675 2.358329 
0.340159 2.358979 
0.340418 2.359107 
0.340661 2.359530 
0.341138 2.360157 
0.341303 2.360426 
0.341663 2.360666 
0.342003 2.361146 
0.342469 2.361847 
0.342623 2.362051 
0.343047 2.362447 
0.343320 2.362698 
0.343581 2.363394 
0.343745 2.363616 
0.344360 2.364098 
0.344671 2.364488 
0.344866 2.364552 
0.345163 2.364928 
0.345374 2.365389 
0.345755 2.365698 
0.346171 2.366304 
0.346516 2.366654 
0.346751 2.366979 
0.347138 2.367433 
0.347459 2.367842 
0.347722 2.368089 
0.348145 2.368564 
0.348625 2.368941 
0.348729 2.369174 
0.349054 2.369609 
0.349318 2.370022 
0.349640 2.370462 
0.349996 2.370816 
0.350296 2.371188 
0.350611 2.371587 
0.350974 2.371963 
0.351304 2.372362 
0.351625 2.372755 
0.351945 2.373152 
0.352269 2.373541 
0.352581 2.373930 
0.352901 2.374326 
0.353224 2.374716 
0.353551 2.375135 
0.353874 2.375511 
0.354195 2.375889 
0.354510 2.376274 
0.354919 2.376951 
0.355124 2.377171 
0.355503 2.377682 
0.355883 2.378207 
0.356121 2.378267 
0.356510 2.378936 
0.356688 2.379113 
0.357103 2.379381 
0.357519 2.379987 
0.357626 2.380338 
0.358074 2.380877 
0.358246 2.380999 
0.358637 2.381403 
0.358893 2.381673 
0.359215 2.382127 
0.359461 2.382393 
0.359832 2.382852 
0.360128 2.383197 
0.360548 2.383614 
0.360810 2.383969 
0.361121 2.384345 
0.361474 2.384746 
0.361833 2.385158 
0.362145 2.385562 
0.362529 2.385945 
0.362848 2.386401 
0.363112 2.386908 
0.363424 2.387344 
0.363736 2.387795 
0.364078 2.388226 
0.364423 2.388619 
0.364716 2.389016 
0.365071 2.389402 
0.365374 2.389847 
0.365730 2.390230 
0.366040 2.390621 
0.366367 2.390993 
0.366763 2.391330 
0.367196 2.391962 
0.367487 2.392053 
0.367843 2.392697 
0.368212 2.393266 
0.368520 2.393229 
0.368977 2.393634 
0.369155 2.394226 
0.369300 2.394578 
0.369787 2.394732 
0.370175 2.395203 
0.370335 2.395630 
0.370636 2.396016 
0.371016 2.396372 
0.371362 2.396814 
0.371617 2.397070 
0.371928 2.397429 
0.372253 2.397834 
0.372598 2.398231 
0.372934 2.398607 
0.373264 2.399005 
0.373575 2.399395 
0.373899 2.399770 
0.374208 2.400194 
0.374539 2.400590 
0.374876 2.400998 
0.375186 2.401374 
0.375551 2.401793 
0.375851 2.402165 
0.376118 2.402606 
0.376389 2.403075 
0.376790 2.403651 
0.377149 2.404124 
0.377512 2.404561 
0.377872 2.404955 
0.378158 2.405268 
0.378585 2.405476 
0.378709 2.405823 
0.379022 2.406225 
0.379391 2.406610 
0.379725 2.407004 
0.380033 2.407367 
0.380270 2.407843 
0.380702 2.408138 
0.380992 2.408599 
0.381365 2.409148 
0.381641 2.409502 
0.381999 2.409991 
0.382372 2.410154 
0.382553 2.410712 
0.382966 2.411199 
0.383133 2.411402 
0.383586 2.412012 
0.384017 2.412016 
0.384177 2.412505 
0.384444 2.412808 
0.384787 2.413178 
0.384965 2.413553 
0.385296 2.414044 
0.385591 2.414253 
0.385939 2.414783 
0.386211 2.414973 
0.386632 2.415434 
0.386991 2.415984 
0.387236 2.416236 
0.387592 2.416913 
0.387933 2.417036 
0.388422 2.417328 
0.388627 2.417825 
0.388952 2.418400 
0.389369 2.419095 
0.389724 2.419219 
0.390062 2.419778 
0.390323 2.419965 
0.390640 2.420348 
0.390925 2.420645 
0.391271 2.421087 
0.391621 2.421447 
0.391942 2.421811 
0.392279 2.422201 
0.392577 2.422623 
0.392919 2.423007 
0.393237 2.423435 
0.393524 2.423900 
0.393745 2.424441 
0.394143 2.424790 
0.394465 2.425168 
0.394843 2.425526 
0.395215 2.426045 
0.395510 2.426454 
0.395895 2.426573 
0.396232 2.427317 
0.396463 2.427401 
0.396677 2.427844 
0.397048 2.428178 
0.397361 2.428720 
0.397748 2.429205 
0.397988 2.429279 
0.398239 2.429770 
0.398587 2.430179 
0.399000 2.430864 
0.399470 2.431023 
0.399630 2.431436 
0.399778 2.431862 
0.400270 2.432256 
0.400520 2.432548 
0.400871 2.432907 
0.401172 2.433310 
0.401522 2.433702 
0.401847 2.434075 
0.402189 2.434444 
0.402533 2.434872 
0.402862 2.435273 
0.403195 2.435668 
0.403514 2.436079 
0.403755 2.436566 
0.404071 2.436966 
0.404401 2.437364 
0.404660 2.437846 
0.405019 2.438226 
0.405391 2.438545 
0.405825 2.439145 
0.406142 2.439636 
0.406539 2.439818 
0.406718 2.440070 
0.406996 2.440638 
0.407326 2.440835 
0.407618 2.441263 
0.407945 2.441620 
0.408254 2.441996 
0.408569 2.442352 
0.408920 2.442710 
0.409234 2.443066 
0.409499 2.443464 
0.409798 2.443791 
0.410088 2.444159 
0.410407 2.444541 
0.410735 2.444942 
0.411043 2.445319 
0.411412 2.445720 
0.411711 2.446139 
0.412037 2.446512 
0.412371 2.446937 
0.412748 2.447527 
0.413112 2.448009 
0.413430 2.448344 
0.413661 2.448751 
0.413999 2.449017 
0.414372 2.449367 
0.414778 2.450122 
0.415144 2.450464 
0.415515 2.450677 
0.415769 2.451133 
0.416025 2.451387 
0.416420 2.451986 
0.416631 2.452202 
0.417062 2.452836 
0.417438 2.453226 
0.417732 2.453467 
0.418071 2.453869 
0.418266 2.454164 
0.418705 2.454759 
0.419139 2.455144 
0.419338 2.455512 
0.419644 2.455876 
0.419903 2.456267 
0.420357 2.456490 
0.420787 2.457156 
0.420883 2.457397 
0.421199 2.457735 
0.421561 2.458097 
0.422045 2.458300 
0.422322 2.459069 
0.422535 2.459357 
0.422921 2.459738 
0.423101 2.460050 
0.423300 2.460403 
0.423708 2.460708 
0.423940 2.461176 
0.424300 2.461601 
0.424766 2.462226 
0.425025 2.462385 
0.425472 2.462786 
0.425952 2.462963 
0.425993 2.463330 
0.426294 2.464008 
0.426749 2.464446 
0.427163 2.464884 
0.427328 2.465277 
0.427579 2.465675 
0.427899 2.465901 
0.428351 2.466618 
0.428611 2.466699 
0.429014 2.467383 
0.429364 2.467741 
0.429636 2.468116 
0.429854 2.468337 
0.430268 2.468732 
0.430509 2.469156 
0.430941 2.469528 
0.431145 2.469922 
0.431510 2.470326 
0.431772 2.470603 
0.432158 2.471028 
0.432549 2.471571 
0.432855 2.471889 
0.433097 2.472207 
0.433406 2.472601 
0.433751 2.472966 
0.434077 2.473324 
0.434374 2.473699 
0.434702 2.474084 
0.435022 2.474480 
0.435319 2.474840 
0.435590 2.475185 
0.435899 2.475562 
0.436225 2.475935 
0.436571 2.476330 
0.436872 2.476716 
0.437216 2.477114 
0.437527 2.477520 
0.437925 2.478132 
0.438262 2.478537 
0.438550 2.478923 
0.438837 2.479294 
0.439187 2.479517 
0.439453 2.479930 
0.439806 2.480285 
0.440150 2.480728 
0.440640 2.481295 
0.440981 2.481743 
0.441255 2.482084 
0.441535 2.482310 
0.441868 2.482735 
0.442189 2.483037 
0.442581 2.483625 
0.442881 2.483843 
0.443344 2.484501 
0.443601 2.484755 
0.443936 2.485164 
0.444275 2.485413 
0.444546 2.485805 
0.444877 2.486248 
0.445227 2.486624 
0.445593 2.487010 
0.445938 2.487408 
0.446257 2.487758 
0.446605 2.488135 
0.446912 2.488483 
0.447224 2.488842 
0.447542 2.489193 
0.447885 2.489546 
0.448219 2.489910 
0.448529 2.490240 
0.448842 2.490595 
0.449146 2.490948 
0.449470 2.491293 
0.449817 2.491672 
0.450133 2.492072 
0.450476 2.492440 
0.450796 2.492850 
0.451144 2.493197 
0.451487 2.493565 
0.451761 2.494014 
0.452204 2.494588 
0.452694 2.494739 
0.452995 2.495249 
0.453147 2.495639 
0.453686 2.495933 
0.454276 2.496150 
0.454324 2.496740 
0.454456 2.497324 
0.454756 2.497589 
0.455072 2.497988 
0.455433 2.498336 
0.455785 2.498678 
0.456410 2.498902 
0.456982 2.499141 
0.457204 2.499312 
0.457465 2.500221 
0.457724 2.500242 
0.458000 2.500704 
0.458348 2.501003 
0.458802 2.501567 
0.459090 2.501737 
0.459502 2.502071 
0.459925 2.502638 
0.460058 2.503020 
0.460610 2.503313 
0.460903 2.503494 
0.461195 2.503830 
0.461544 2.504238 
0.462040 2.504842 
0.462092 2.505211 
0.462768 2.505221 
0.463137 2.505559 
0.463239 2.506149 
0.463709 2.506367 
0.463964 2.506516 
0.464232 2.506986 
0.464664 2.507221 
0.465147 2.507624 
0.465442 2.507941 
0.465937 2.508423 
0.466248 2.508813 
0.466429 2.509033 
0.466873 2.509315 
0.467209 2.509706 
0.467779 2.510163 
0.468016 2.510363 
0.468528 2.510840 
0.468871 2.511286 
0.469211 2.511520 
0.469642 2.511923 
0.469930 2.512126 
0.470330 2.512534 
0.470676 2.512883 
0.471176 2.513297 
0.471454 2.513589 
0.471817 2.513888 
0.472219 2.514233 
0.472595 2.514563 
0.472985 2.514892 
0.473379 2.515231 
0.473780 2.515578 
0.474155 2.515892 
0.474517 2.516206 
0.474905 2.516537 
0.475263 2.516843 
0.475626 2.517156 
0.475984 2.517461 
0.476354 2.517782 
0.476728 2.518098 
0.477070 2.518392 
0.477442 2.518710 
0.477792 2.519009 
0.478158 2.519319 
0.478560 2.519634 
0.478947 2.519966 
0.479558 2.520466 
0.479830 2.520518 
0.480179 2.520817 
0.480776 2.521212 
0.481171 2.521582 
0.481526 2.521812 
0.482070 2.521854 
0.482115 2.522631 
0.482524 2.522845 
0.482525 2.523506 
0.482914 2.523913 
0.483323 2.524357 
0.483622 2.524884 
0.483740 2.525376 
0.484050 2.525599 
0.484438 2.525930 
0.484805 2.526239 
0.485359 2.526346 
0.485698 2.526765 
0.486595 2.526839 
0.486784 2.527018 
0.487525 2.526952 
0.488483 2.526771 
0.488598 2.527529 
0.489050 2.527647 
0.489521 2.527666 
0.489876 2.528019 
0.490328 2.528184 
0.490750 2.528661 
0.491284 2.529066 
0.491456 2.529219 
0.492009 2.529587 
0.492477 2.529687 
0.492842 2.529983 
0.493557 2.530101 
0.493669 2.530555 
0.493737 2.530937 
0.494290 2.530905 
0.494605 2.531337 
0.495123 2.531732 
0.495522 2.532143 
0.496035 2.532189 
0.496472 2.532463 
0.496924 2.532781 
0.497213 2.532842 
0.497607 2.533167 
0.498183 2.533432 
0.498602 2.533604 
0.498983 2.533990 
0.499553 2.534462 
0.500099 2.534330 
0.500398 2.534827 
0.501040 2.535322 
0.501461 2.535445 
0.501977 2.535828 
0.501994 2.536254 
0.502458 2.536280 
0.503211 2.536615 
0.503837 2.536745 
0.503805 2.537167 
0.504402 2.537163 
0.504760 2.537558 
0.505314 2.537635 
0.506118 2.538033 
0.506230 2.538241 
0.506637 2.538534 
0.507241 2.538643 
0.507717 2.539225 
0.508229 2.539365 
0.508444 2.539407 
0.508844 2.539754 
0.509306 2.539906 
0.510093 2.540124 
0.510071 2.540720 
0.510807 2.540490 
0.511143 2.540820 
0.511672 2.541170 
0.512145 2.541387 
0.512344 2.541616 
0.513203 2.541829 
0.513678 2.542041 
0.513933 2.542358 
0.514247 2.542515 
0.514762 2.542651 
0.515182 2.542960 
0.515602 2.543255 
0.516054 2.543495 
0.516528 2.543696 
0.517038 2.543913 
0.517474 2.544128 
0.517919 2.544392 
0.518372 2.544631 
0.518844 2.544864 
0.519335 2.545121 
0.519838 2.545303 
0.520289 2.545544 
0.520755 2.545769 
0.521229 2.545984 
0.521710 2.546191 
0.522583 2.546371 
0.523114 2.546551 
0.523243 2.546738 
0.523612 2.547061 
0.524335 2.547185 
0.524950 2.547343 
0.525571 2.547526 
0.525694 2.547949 
0.526279 2.547912 
0.526686 2.548066 
0.527040 2.548360 
0.527938 2.548511 
0.527968 2.548768 
0.528506 2.548893 
0.528959 2.549103 
0.529398 2.549297 
0.529808 2.549464 
0.530556 2.549528 
0.530858 2.549882 
0.531166 2.550262 
0.532104 2.550073 
0.532342 2.550578 
0.532584 2.550743 
0.533419 2.550705 
0.533596 2.551068 
0.534127 2.551200 
0.534917 2.551323 
0.535263 2.551488 
0.535721 2.551783 
0.536344 2.551824 
0.536863 2.552064 
0.537527 2.552257 
0.537899 2.552467 
0.538745 2.552618 
0.538886 2.552914 
0.539748 2.552938 
0.539910 2.553317 
0.540535 2.553311 
0.541135 2.553393 
0.541466 2.553745 
0.542100 2.553819 
0.542500 2.554029 
0.543152 2.554160 
0.543792 2.554534 
0.544403 2.554527 
0.544897 2.554780 
0.545490 2.554796 
0.545893 2.555094 
0.546531 2.555040 
0.546986 2.555155 
0.547343 2.555446 
0.548180 2.555682 
0.548301 2.555818 
0.548971 2.555819 
0.549531 2.555950 
0.549974 2.556169 
0.550450 2.556274 
0.551302 2.556340 
0.551749 2.556571 
0.552161 2.556535 
0.552645 2.556940 
0.553486 2.556757 
0.554078 2.556942 
0.554353 2.557066 
0.555177 2.557165 
0.555445 2.557327 
0.556000 2.557479 
0.556606 2.557556 
0.557292 2.557831 
0.557598 2.558197 
0.558511 2.557868 
0.558979 2.558184 
0.559177 2.558488 
0.559884 2.558663 
0.560566 2.558619 
0.561363 2.558565 
0.561704 2.558935 
0.562243 2.558875 
0.562903 2.559058 
0.563624 2.559031 
0.564060 2.559060 
0.564607 2.559143 
0.565177 2.559277 
0.565986 2.559347 
0.566234 2.559564 
0.567124 2.559478 
0.567728 2.559618 
0.568379 2.559550 
0.568740 2.559696 
0.569323 2.559708 
0.569965 2.559942 
0.570221 2.560396 
0.570525 2.560565 
0.571097 2.560943 
0.572232 2.560416 
0.572194 2.560938 
0.572872 2.560853 
0.573268 2.560974 
0.574538 2.560505 
0.574788 2.560891 
0.575366 2.560937 
0.575778 2.561195 
0.576072 2.561467 
0.576643 2.561768 
0.577417 2.561772 
0.578200 2.561349 
0.579026 2.561429 
0.579180 2.561927 
0.579980 2.561883 
0.580387 2.562269 
0.580756 2.562392 
0.581520 2.562483 
0.582995 2.561375 
0.583002 2.562460 
0.584455 2.561362 
0.584498 2.562127 
0.585450 2.561844 
0.584959 2.563157 
0.587076 2.561667 
0.587780 2.561537 
0.587682 2.562221 
0.588952 2.561660 
0.589138 2.562164 
0.589739 2.562216 
0.590320 2.562091 
0.591467 2.561551 
0.591852 2.562270 
0.591865 2.562731 
0.592180 2.563056 
0.592762 2.563191 
0.593397 2.563172 
0.594004 2.563446 
0.594900 2.563108 
0.595323 2.563429 
0.595432 2.563824 
0.596228 2.563956 
0.596523 2.563919 
0.596865 2.564242 
0.597788 2.564102 
0.598854 2.563672 
0.599493 2.563509 
0.599992 2.563618 
0.600474 2.563855 
0.600998 2.563996 
0.601732 2.563907 
0.602432 2.563860 
0.603298 2.563663 
0.604407 2.563152 
0.605348 2.563114 
0.605294 2.563730 
0.605904 2.563725 
0.606306 2.564039 
0.606672 2.564411 
0.607818 2.564119 
0.608417 2.563988 
0.608488 2.564704 
0.608771 2.565127 
0.610320 2.564394 
0.610808 2.564717 
0.610558 2.565362 
0.610905 2.565741 
0.612326 2.565187 
0.614161 2.563752 
0.615913 2.562597 
0.616529 2.562447 
0.616249 2.563343 
0.618094 2.562433 
0.617400 2.563889 
0.618424 2.563371 
0.618686 2.563541 
0.619913 2.563091 
0.620581 2.563157 
0.621574 2.562351 
0.622176 2.562417 
0.622779 2.562451 
0.624050 2.561689 
0.624852 2.561460 
0.625454 2.561463 
0.626250 2.561288 
0.626836 2.561356 
0.628045 2.560712 
0.629210 2.560152 
0.629867 2.560168 
0.630456 2.560203 
0.630979 2.560423 
0.631609 2.560440 
0.632334 2.560377 
0.633127 2.560280 
0.633712 2.560382 
0.635227 2.559735 
0.635753 2.559613 
0.636279 2.559829 
0.636780 2.560012 
0.637598 2.560118 
0.638384 2.559984 
0.639190 2.559874 
0.639872 2.559815 
0.640289 2.559804 
0.641065 2.559944 
0.642085 2.559614 
0.642461 2.559652 
0.643290 2.559758 
0.644364 2.559289 
0.646005 2.558140 
0.647273 2.557583 
0.649145 2.556057 
0.649471 2.556229 
0.650380 2.556258 
0.651288 2.555984 
0.652071 2.555775 
0.652926 2.555576 
0.652973 2.555860 
0.654104 2.555461 
0.654728 2.555362 
0.655166 2.555513 
0.656742 2.554609 
0.657760 2.553989 
0.658587 2.554023 
0.659191 2.553672 
0.660282 2.553197 
0.661398 2.552999 
0.662005 2.552983 
0.662266 2.553230 
0.662642 2.553544 
0.663299 2.553546 
0.664554 2.552849 
0.665011 2.553115 
0.665404 2.553455 
0.665784 2.553780 
0.670354 2.549580 
0.670569 2.550020 
0.671966 2.549236 
0.672678 2.548895 
0.674078 2.548137 
0.674145 2.548781 
0.676730 2.546730 
0.677081 2.546828 
0.678190 2.546670 
0.679637 2.545626 
0.680282 2.545533 
0.681821 2.544643 
0.682794 2.544307 
0.684360 2.543170 
0.684968 2.543013 
0.686441 2.542322 
0.686901 2.542246 
0.688942 2.540970 
0.690236 2.540182 
0.691736 2.539182 
0.692344 2.539009 
0.694279 2.537764 
0.694869 2.537553 
0.695566 2.537446 
0.696529 2.537351 
0.697340 2.536973 
0.698762 2.535942 
0.699660 2.535892 
0.700098 2.535843 
0.700417 2.536192 
0.701119 2.536618 
0.672838 2.552232 
0.672963 2.551446 
0.673870 2.551634 
0.674303 2.551170 
0.675621 2.551716 
0.675880 2.551009 
0.675942 2.550418 
0.677556 2.550721 
0.676504 2.549787 
0.678213 2.550077 
0.678216 2.549497 
0.679151 2.549457 
0.679677 2.549338 
0.680175 2.549051 
0.680869 2.548881 
0.681549 2.548632 
0.682212 2.548280 
0.682655 2.548136 
0.683123 2.547773 
0.683747 2.547584 
0.684220 2.547260 
0.684870 2.547040 
0.685359 2.546748 
0.685960 2.546499 
0.686432 2.546197 
0.687040 2.545998 
0.687524 2.545738 
0.687930 2.545433 
0.688466 2.545168 
0.689004 2.544918 
0.689485 2.544643 
0.690064 2.544452 
0.690470 2.544134 
0.690933 2.543873 
0.691565 2.543666 
0.692043 2.543355 
0.692740 2.542931 
0.693275 2.542713 
0.693511 2.542446 
0.694004 2.542180 
0.694837 2.541754 
0.694935 2.541556 
0.695584 2.541347 
0.696081 2.541025 
0.696517 2.540690 
0.697067 2.540400 
0.697568 2.540150 
0.697961 2.539790 
0.698535 2.539525 
0.699019 2.539206 
0.699276 2.538777 
0.700252 2.538449 
0.700951 2.538316 
0.701359 2.538103 
0.701710 2.537881 
0.701861 2.537401 
0.702597 2.537035 
0.702974 2.536711 
0.703394 2.536553 
0.704015 2.536258 
0.704435 2.536030 
0.705109 2.535696 
0.705481 2.535439 
0.705891 2.535066 
0.706413 2.534897 
0.706847 2.534539 
0.707290 2.534278 
0.707648 2.533944 
0.708054 2.533602 
0.708527 2.533313 
0.708949 2.533004 
0.709354 2.532733 
0.709751 2.532445 
0.710223 2.532154 
0.710576 2.531818 
0.711010 2.531470 
0.711422 2.531144 
0.711759 2.530751 
0.712082 2.530349 
0.712540 2.530051 
0.712936 2.529703 
0.713355 2.529370 
0.713825 2.529021 
0.714546 2.528611 
0.714796 2.528375 
0.715042 2.527952 
0.715314 2.527497 
0.715682 2.526970 
0.716128 2.526572 
0.716774 2.526303 
0.717046 2.526045 
0.717365 2.525607 
0.717771 2.525127 
0.718141 2.524764 
0.718462 2.524304 
0.719929 2.524647 
0.720085 2.524205 
0.720915 2.523860 
0.721156 2.523503 
0.721483 2.523185 
0.721889 2.522948 
0.722139 2.522550 
0.722952 2.522101 
0.723045 2.521900 
0.723457 2.521598 
0.723928 2.521028 
0.724279 2.520806 
0.724744 2.520419 
0.724963 2.520176 
0.725557 2.519761 
0.725794 2.519436 
0.725783 2.518848 
0.725682 2.518232 
0.726943 2.518454 
0.727141 2.517955 
0.727298 2.517676 
0.727984 2.517222 
0.728043 2.516943 
0.728555 2.516630 
0.728759 2.516205 
0.729014 2.515774 
0.729211 2.515114 
0.730365 2.515203 
0.730697 2.514807 
0.731065 2.514560 
0.731731 2.514082 
0.731806 2.513661 
0.732491 2.513381 
0.732641 2.513180 
0.732987 2.512640 
0.733281 2.512396 
0.733841 2.512135 
0.734160 2.511800 
0.734441 2.511374 
0.734740 2.510981 
0.735089 2.510595 
0.735415 2.510218 
0.735774 2.509850 
0.736105 2.509453 
0.736398 2.509081 
0.736756 2.508688 
0.737127 2.508303 
0.737454 2.507893 
0.737724 2.507460 
0.737876 2.506853 
0.738416 2.506545 
0.738815 2.506223 
0.739089 2.505838 
0.739442 2.505641 
0.740022 2.505194 
0.740191 2.505027 
0.740427 2.504526 
0.740750 2.504299 
0.741131 2.503874 
0.741290 2.503538 
0.741932 2.503000 
0.742299 2.502659 
0.742421 2.502360 
0.742752 2.501882 
0.742916 2.501572 
0.743485 2.501118 
0.743853 2.500755 
0.744016 2.500445 
0.744560 2.499883 
0.744631 2.499601 
0.744973 2.499198 
0.745387 2.498839 
0.745875 2.498372 
0.746107 2.497847 
0.746439 2.497381 
0.747035 2.497118 
0.747192 2.496641 
0.747518 2.496439 
0.748042 2.495889 
0.748309 2.495443 
0.748538 2.495125 
0.749038 2.494770 
0.749103 2.494472 
0.749335 2.493981 
0.749645 2.493596 
0.750154 2.492990 
0.750238 2.492761 
0.750460 2.492289 
0.750539 2.491522 
0.751357 2.491355 
0.751539 2.490998 
0.751799 2.490722 
0.752225 2.490195 
0.752395 2.489970 
0.752824 2.489318 
0.752997 2.489117 
0.753134 2.488711 
0.753711 2.488262 
0.754014 2.487954 
0.754200 2.487587 
0.754527 2.487072 
0.754732 2.486577 
0.754963 2.486168 
0.755406 2.485825 
0.755483 2.485441 
0.755823 2.484806 
0.756123 2.484495 
0.756450 2.484282 
0.756702 2.483594 
0.757145 2.483194 
0.757281 2.483031 
0.757693 2.482368 
0.757833 2.482195 
0.758262 2.481531 
0.758210 2.481291 
0.758658 2.480592 
0.758792 2.480439 
0.759188 2.480034 
0.759752 2.479508 
0.759994 2.479279 
0.760163 2.478636 
0.760336 2.478273 
0.760539 2.477708 
0.760847 2.477274 
0.761396 2.477087 
0.761431 2.476411 
0.761488 2.476143 
0.762009 2.475626 
0.762216 2.475423 
0.762406 2.474932 
0.762483 2.474559 
0.762760 2.474037 
0.763146 2.473429 
0.763260 2.473102 
0.763533 2.472751 
0.763735 2.472419 
0.763987 2.472114 
0.764191 2.471747 
0.764443 2.471315 
0.764585 2.470853 
0.765027 2.470255 
0.765148 2.470024 
0.765319 2.469533 
0.765706 2.469006 
0.765885 2.468612 
0.766223 2.468325 
0.766531 2.467775 
0.766729 2.467427 
0.767157 2.466820 
0.767001 2.466287 
0.767209 2.465875 
0.767467 2.465471 
0.767721 2.464935 
0.767815 2.464503 
0.768083 2.463895 
0.769055 2.463447 
0.769109 2.463258 
0.769314 2.462729 
0.769207 2.462051 
0.769541 2.461585 
0.769806 2.461393 
0.770006 2.460744 
0.770337 2.460313 
0.770388 2.460065 
0.770647 2.459591 
0.771016 2.458925 
0.771103 2.458455 
0.771273 2.458265 
0.771564 2.457577 
0.771874 2.457180 
0.771861 2.456684 
0.771929 2.456201 
0.772363 2.455669 
0.772998 2.455370 
0.772800 2.454799 
0.773195 2.454498 
0.773248 2.454239 
0.773376 2.453781 
0.773718 2.453425 
0.773815 2.452890 
0.774044 2.452480 
0.774276 2.451850 
0.774534 2.451387 
0.774654 2.451040 
0.774873 2.450635 
0.775059 2.450164 
0.775244 2.449704 
0.775434 2.449248 
0.775649 2.448748 
0.775840 2.448291 
0.776036 2.447815 
0.776214 2.447373 
0.776411 2.446898 
0.776592 2.446378 
0.776782 2.445897 
0.776972 2.445406 
0.777163 2.444927 
0.777411 2.444062 
0.777471 2.443517 
0.777670 2.443240 
0.777799 2.442909 
0.777996 2.442469 
0.778096 2.441970 
0.778361 2.441197 
0.778541 2.440770 
0.778788 2.440392 
0.778905 2.439870 
0.779030 2.439584 
0.779088 2.439048 
0.779488 2.438425 
0.779577 2.438083 
0.779459 2.437211 
0.779779 2.436936 
0.780006 2.436501 
0.780170 2.436331 
0.780295 2.435591 
0.780256 2.435383 
0.780613 2.434804 
0.780802 2.434603 
0.781163 2.434037 
0.781297 2.433652 
0.781501 2.433261 
0.781881 2.432522 
0.782171 2.432182 
0.782419 2.431853 
0.782490 2.431361 
0.782813 2.431051 
0.783057 2.430197 
0.783339 2.429853 
0.783578 2.429680 
0.783987 2.429016 
0.783821 2.428523 
0.784232 2.428057 
0.784414 2.427584 
0.784530 2.427013 
0.784593 2.426714 
0.784799 2.426232 
0.784848 2.425796 
0.785158 2.425294 
0.785181 2.424774 
0.785367 2.424128 
0.785462 2.423766 
0.785633 2.423229 
0.785697 2.422662 
0.785060 2.421508 
0.785413 2.421101 
0.785888 2.420731 
0.785962 2.420276 
0.786113 2.419783 
0.786171 2.419272 
0.786217 2.418719 
0.786362 2.418177 
0.786557 2.417758 
0.786787 2.417046 
0.786878 2.416704 
0.787026 2.416235 
0.787231 2.415787 
0.786629 2.415024 
0.787187 2.414727 
0.787489 2.414395 
0.787606 2.414022 
0.787869 2.413446 
0.788011 2.412741 
0.788105 2.412587 
0.788287 2.411905 
0.788374 2.411584 
0.788520 2.410927 
0.788622 2.410535 
0.788805 2.410108 
0.788919 2.409584 
0.789128 2.409103 
0.789358 2.408484 
0.790242 2.408263 
0.789808 2.407705 
0.790175 2.407177 
0.790310 2.406770 
0.790479 2.406092 
0.790522 2.405768 
0.790809 2.405346 
0.791037 2.404575 
0.791511 2.404297 
0.791402 2.403722 
0.791636 2.403267 
0.792141 2.402985 
0.791523 2.402120 
0.791958 2.401924 
0.791911 2.401038 
0.792365 2.400969 
0.792674 2.400292 
0.792055 2.399600 
0.792483 2.399146 
0.793079 2.398824 
0.793085 2.398443 
0.793353 2.398173 
0.793790 2.397652 
0.793998 2.397172 
0.793211 2.396381 
0.793308 2.395788 
0.794331 2.395812 
0.794392 2.395384 
0.794317 2.394641 
0.794505 2.394207 
0.794767 2.393631 
0.794819 2.393301 
0.795079 2.392769 
0.795187 2.392206 
0.795055 2.391582 
0.795338 2.391040 
0.795586 2.390571 
0.795636 2.390323 
0.795756 2.389824 
0.796001 2.389354 
0.796223 2.388869 
0.796346 2.388350 
0.796525 2.387852 
0.796738 2.387361 
0.796919 2.386900 
0.797079 2.386448 
0.797290 2.385945 
0.797576 2.385394 
0.797560 2.384502 
0.797804 2.384332 
0.797903 2.383892 
0.798167 2.383106 
0.798159 2.382615 
0.798566 2.382344 
0.798534 2.381756 
0.798840 2.381123 
0.798763 2.380602 
0.798909 2.380142 
0.799339 2.379827 
0.799386 2.379320 
0.799643 2.379043 
0.799561 2.378250 
0.799683 2.377788 
0.799868 2.377595 
0.800317 2.377130 
0.799819 2.376394 
0.800468 2.376231 
0.800678 2.375705 
0.800651 2.375016 
0.800861 2.374895 
0.801003 2.374027 
0.801194 2.373583 
0.801345 2.373370 
0.801456 2.372645 
0.801643 2.372338 
0.801798 2.371907 
0.802043 2.371076 
0.802605 2.371036 
0.802173 2.370363 
0.802541 2.369942 
0.802822 2.369353 
0.802800 2.368806 
0.802955 2.368247 
0.803196 2.367738 
0.803357 2.367508 
0.803553 2.366637 
0.803727 2.366553 
0.803853 2.365863 
0.803850 2.365478 
0.804227 2.364888 
0.804309 2.364553 
0.804503 2.363877 
0.804786 2.363592 
0.804824 2.363022 
0.805170 2.362575 
0.805377 2.361897 
0.805425 2.361704 
0.805561 2.361274 
0.805797 2.360600 
0.805840 2.360033 
0.806076 2.359534 
0.806343 2.359099 
0.806414 2.358630 
0.806645 2.358233 
0.806665 2.357792 
0.806713 2.357413 
0.806981 2.356770 
0.807227 2.356311 
0.807329 2.356115 
0.807367 2.355593 
0.807638 2.354893 
0.807754 2.354439 
0.807970 2.354126 
0.808037 2.353642 
0.808271 2.352897 
0.808501 2.352348 
0.808654 2.352125 
0.808680 2.351629 
0.809005 2.351032 
0.809176 2.350564 
0.808956 2.349830 
0.809246 2.349246 
0.809687 2.348902 
0.810007 2.348499 
0.809997 2.348005 
0.809937 2.347506 
0.810282 2.346931 
0.810624 2.346553 
0.810629 2.346080 
0.810711 2.345536 
0.811011 2.345005 
0.811081 2.344512 
0.811362 2.344200 
0.811467 2.343694 
0.811559 2.342866 
0.811923 2.342430 
0.812004 2.342002 
0.812168 2.341483 
0.812387 2.341206 
0.812393 2.340687 
0.812838 2.340265 
0.812703 2.339500 
0.813118 2.339466 
0.813002 2.338561 
0.813490 2.338420 
0.813332 2.337688 
0.813624 2.337221 
0.813806 2.336818 
0.813860 2.336479 
0.814219 2.335842 
0.814248 2.335198 
0.814483 2.334884 
0.814510 2.334562 
0.814750 2.333914 
0.814895 2.333489 
0.815085 2.333137 
0.815301 2.332637 
0.815336 2.332124 
0.815734 2.331650 
0.815659 2.331107 
0.815764 2.330321 
0.815930 2.329884 
0.816130 2.329352 
0.816286 2.328910 
0.816767 2.328730 
0.816639 2.328259 
0.817070 2.327701 
0.817060 2.327207 
0.817208 2.326703 
0.817442 2.326074 
0.817514 2.325860 
0.817631 2.325361 
0.818000 2.324848 
0.818180 2.324152 
0.818222 2.323805 
0.818240 2.323340 
0.818517 2.322621 
0.818746 2.322221 
0.819014 2.321834 
0.819054 2.321417 
0.819272 2.321138 
0.819352 2.320245 
0.819424 2.320101 
0.819657 2.319368 
0.819665 2.319118 
0.819945 2.318540 
0.819914 2.318232 
0.820324 2.317719 
0.820360 2.317380 
0.820532 2.316599 
0.820942 2.316307 
0.820641 2.315757 
0.820889 2.314998 
0.821131 2.314618 
0.821592 2.314438 
0.821526 2.313923 
0.821770 2.313230 
0.821785 2.312832 
0.822302 2.312313 
0.822315 2.311810 
0.822427 2.311237 
0.822759 2.310981 
0.822923 2.310299 
0.822891 2.309804 
0.823101 2.309370 
0.823235 2.308928 
0.823477 2.308211 
0.823702 2.307739 
0.823799 2.307367 
0.823956 2.306914 
0.824107 2.306446 
0.824253 2.305916 
0.824426 2.305450 
0.824593 2.304945 
0.824772 2.304481 
0.824943 2.303978 
0.825111 2.303496 
0.825281 2.303017 
0.825460 2.302552 
0.825629 2.302106 
0.825797 2.301638 
0.825932 2.301136 
0.826084 2.300657 
0.826201 2.300157 
0.826309 2.299686 
0.826565 2.299035 
0.826702 2.298745 
0.826866 2.298320 
0.827002 2.297796 
0.827129 2.297302 
0.827420 2.296509 
0.827489 2.296318 
0.827713 2.295661 
0.827800 2.295166 
0.828052 2.294886 
0.828143 2.294417 
0.828362 2.293698 
0.828423 2.293409 
0.828660 2.292898 
0.828912 2.292292 
0.829024 2.291835 
0.829226 2.291328 
0.829542 2.291073 
0.829729 2.290360 
0.829550 2.289789 
0.829946 2.289442 
0.829982 2.289045 
0.830290 2.288379 
0.830079 2.287849 
0.830259 2.287199 
0.830631 2.286943 
0.830802 2.286290 
0.830923 2.285978 
0.831104 2.285434 
0.831359 2.285108 
0.831532 2.284351 
0.831583 2.284137 
0.831800 2.283534 
0.831901 2.283106 
0.832391 2.282814 
0.832237 2.281934 
0.832679 2.281974 
0.832513 2.281122 
0.832846 2.280841 
0.832776 2.280173 
0.833078 2.279969 
0.833331 2.279712 
0.833293 2.278841 
0.833659 2.278430 
0.833680 2.278094 
0.833852 2.277557 
0.834037 2.277225 
0.834122 2.276694 
0.834191 2.276026 
0.834659 2.275559 
0.834554 2.274929 
0.835101 2.274683 
0.834819 2.273877 
0.835300 2.273452 
0.835242 2.272825 
0.835727 2.272625 
0.835742 2.271949 
0.835806 2.271626 
0.836042 2.270824 
0.836228 2.270481 
0.836513 2.270059 
0.836546 2.269590 
0.836751 2.269281 
0.836775 2.268690 
0.836948 2.268213 
0.837156 2.267732 
0.837606 2.267440 
0.837488 2.266615 
0.837892 2.266400 
0.837960 2.265755 
0.837917 2.265115 
0.838024 2.264493 
0.838272 2.263977 
0.838555 2.263703 
0.838655 2.263205 
0.838658 2.262788 
0.839095 2.262466 
0.839259 2.261877 
0.839269 2.261407 
0.839375 2.260878 
0.839431 2.260156 
0.840054 2.260059 
0.840153 2.259513 
0.839927 2.258962 
0.840297 2.258344 
0.840778 2.257990 
0.840735 2.257476 
0.840740 2.257166 
0.841293 2.256749 
0.841254 2.256157 
0.841308 2.255504 
0.841196 2.255089 
0.841728 2.254637 
0.841879 2.254111 
0.842095 2.253774 
0.842045 2.252989 
0.842604 2.252774 
0.842586 2.252344 
0.842752 2.251571 
0.843104 2.251199 
0.843056 2.250648 
0.843060 2.249988 
0.843298 2.249605 
0.843535 2.249084 
0.843572 2.248793 
0.843610 2.248234 
0.843659 2.247427 
0.843974 2.247044 
0.844463 2.246741 
0.844335 2.246061 
0.844749 2.245621 
0.844845 2.245259 
0.844846 2.244853 
0.845241 2.244331 
0.845403 2.243974 
0.845432 2.243434 
0.845536 2.242961 
0.845682 2.242408 
0.845841 2.242026 
0.845951 2.241522 
0.846154 2.241340 
0.846226 2.240802 
0.846383 2.240360 
0.846545 2.239864 
0.846741 2.239410 
0.846894 2.238711 
0.847008 2.238372 
0.847185 2.237895 
0.847365 2.237421 
0.847561 2.236945 
0.847773 2.236454 
0.847946 2.235941 
0.848116 2.235159 
0.848322 2.234699 
0.848399 2.234362 
0.848679 2.233993 
0.848671 2.233373 
0.848822 2.232741 
0.849129 2.232377 
0.849410 2.231754 
0.849521 2.231273 
0.849757 2.230786 
0.849797 2.230367 
0.850018 2.229906 
0.850087 2.229505 
0.850285 2.229018 
0.850479 2.228540 
0.850661 2.228056 
0.850708 2.227491 
0.850935 2.227033 
0.851124 2.226367 
0.851293 2.225793 
0.851369 2.225501 
0.851556 2.225042 
0.851959 2.224595 
0.851815 2.223836 
0.852200 2.223669 
0.852366 2.222977 
0.852547 2.222793 
0.852654 2.222137 
0.852587 2.221563 
0.852806 2.221286 
0.852917 2.220840 
0.853124 2.220359 
0.853220 2.219870 
0.853440 2.219396 
0.853592 2.218893 
0.853793 2.218466 
0.853987 2.217988 
0.854155 2.217518 
0.854334 2.217044 
0.854516 2.216546 
0.854693 2.216071 
0.854878 2.215576 
0.855085 2.215129 
0.855163 2.214443 
0.855023 2.213688 
0.855288 2.213228 
0.855650 2.212919 
0.856010 2.212552 
0.855898 2.211706 
0.856241 2.211597 
0.856747 2.211152 
0.856938 2.210719 
0.856464 2.209859 
0.856810 2.209401 
0.857333 2.209116 
0.856976 2.208442 
0.857727 2.208130 
0.857839 2.207696 
0.857919 2.207175 
0.858221 2.206831 
0.858060 2.206202 
0.857800 2.205328 
0.858611 2.205249 
0.858717 2.204767 
0.858847 2.204332 
0.858848 2.203752 
0.858762 2.203226 
0.859159 2.202903 
0.858342 2.201886 
0.859645 2.202226 
0.859413 2.201334 
0.859119 2.200638 
0.859743 2.200390 
0.860085 2.200012 
0.860324 2.199700 
0.860429 2.199227 
0.860639 2.198783 
0.860862 2.198137 
0.860915 2.197553 
0.860321 2.196795 
0.860831 2.196283 
0.861538 2.196259 
0.861683 2.195787 
0.862029 2.195144 
0.862093 2.194775 
0.862288 2.193996 
0.862507 2.193696 
0.862632 2.193108 
0.862781 2.192882 
0.862877 2.192126 
0.863078 2.191605 
0.863171 2.191359 
0.863486 2.190941 
0.863509 2.190351 
0.863753 2.189658 
0.864004 2.189191 
0.863910 2.188612 
0.864298 2.188227 
0.864752 2.187995 
0.864618 2.187254 
0.864147 2.186349 
0.864768 2.186204 
0.864719 2.185630 
0.865001 2.185309 
0.865013 2.184828 
0.865310 2.184400 
0.865462 2.183746 
0.865669 2.183311 
0.865795 2.182956 
0.865884 2.182625 
0.866093 2.182168 
0.866602 2.181679 
0.866011 2.180888 
0.866884 2.180939 
0.866746 2.180021 
0.866724 2.179463 
0.867364 2.179097 
0.867489 2.178916 
0.867713 2.178479 
0.867920 2.177707 
0.868158 2.177370 
0.867932 2.176622 
0.868224 2.176155 
0.868268 2.175497 
0.868668 2.175186 
0.868964 2.174909 
0.869070 2.174484 
0.869175 2.173732 
0.869574 2.173469 
0.869745 2.173000 
0.869638 2.172310 
0.869808 2.171726 
0.870217 2.171560 
0.870193 2.170896 
0.870212 2.170291 
0.870297 2.169889 
0.870496 2.169589 
0.870648 2.168749 
0.870690 2.168251 
0.870429 2.167702 
0.871029 2.167290 
0.870842 2.166831 
0.871418 2.166451 
0.871800 2.166038 
0.871843 2.165611 
0.871454 2.164743 
0.871765 2.164194 
0.871691 2.163942 
0.872067 2.163501 
0.872555 2.163325 
0.873054 2.162993 
0.872837 2.162249 
0.873058 2.161857 
0.873123 2.161291 
0.872822 2.160520 
0.873083 2.160095 
0.873408 2.159683 
0.873929 2.159375 
0.874236 2.158987 
0.874463 2.158553 
0.874441 2.157807 
0.874910 2.157584 
0.874521 2.156647 
0.874239 2.156027 
0.874761 2.155546 
0.874879 2.155094 
0.875031 2.154474 
0.875517 2.154482 
0.876291 2.154092 
0.875652 2.153412 
0.876109 2.153021 
0.876384 2.152427 
0.875781 2.151515 
0.875948 2.150951 
0.876705 2.150782 
0.877075 2.150421 
0.877357 2.150029 
0.877488 2.149538 
0.877631 2.149228 
0.878034 2.148722 
0.878045 2.148044 
0.877752 2.147428 
0.877907 2.146858 
0.878124 2.146673 
0.878285 2.145827 
0.878795 2.145570 
0.878864 2.145275 
0.878838 2.144597 
0.879271 2.144214 
0.879324 2.143828 
0.879642 2.143494 
0.879612 2.142802 
0.879582 2.142483 
0.879790 2.141803 
0.879616 2.140969 
0.880007 2.140678 
0.880438 2.140363 
0.880621 2.139866 
0.880624 2.139253 
0.880678 2.139018 
0.880879 2.138277 
0.881394 2.137931 
0.881265 2.137483 
0.881405 2.136986 
0.881594 2.136574 
0.881814 2.136020 
0.882289 2.135591 
0.882020 2.134910 
0.882515 2.134831 
0.882356 2.133796 
0.882206 2.133161 
0.882939 2.133339 
0.883026 2.132635 
0.883250 2.132302 
0.883462 2.131836 
0.883547 2.131386 
0.883739 2.130780 
0.883876 2.130350 
0.884024 2.129833 
0.884133 2.129305 
0.884319 2.128602 
0.884353 2.128320 
0.884543 2.127724 
0.884227 2.126852 
0.884754 2.126687 
0.884914 2.126224 
0.885211 2.125993 
0.885356 2.125487 
0.885606 2.124949 
0.885721 2.124738 
0.885633 2.124164 
0.886033 2.123541 
0.886174 2.123287 
0.886346 2.122831 
0.886723 2.122218 
0.886794 2.121922 
0.886955 2.121460 
0.887076 2.120707 
0.887452 2.120348 
0.887599 2.119854 
0.887725 2.119301 
0.887850 2.118958 
0.887711 2.118050 
0.887767 2.117654 
0.888174 2.116943 
0.888483 2.116556 
0.888529 2.116130 
0.888652 2.115772 
0.888837 2.115139 
0.889013 2.114743 
0.889351 2.114199 
0.889397 2.113623 
0.889509 2.113142 
0.889710 2.112832 
0.889872 2.112219 
0.890060 2.111866 
0.890176 2.111180 
0.890392 2.110668 
0.890620 2.110246 
0.890837 2.109665 
0.890872 2.109373 
0.891025 2.108894 
0.891229 2.108434 
0.891302 2.107930 
0.891473 2.107439 
0.891674 2.106850 
0.891834 2.106364 
0.892015 2.106052 
0.892113 2.105599 
0.892314 2.104859 
0.892612 2.104640 
0.892066 2.103585 
0.892789 2.103687 
0.892627 2.102720 
0.893091 2.102460 
0.893296 2.102117 
0.893378 2.101677 
0.893514 2.101246 
0.893743 2.100766 
0.893926 2.100062 
0.894065 2.099772 
0.894318 2.099178 
0.894415 2.098748 
0.894645 2.098244 
0.894747 2.097818 
0.894890 2.097343 
0.895065 2.096855 
0.895204 2.096356 
0.895406 2.095884 
0.895614 2.095426 
0.895780 2.094932 
0.895975 2.094454 
0.896115 2.093957 
0.896284 2.093463 
0.896429 2.092969 
0.896588 2.092517 
0.896743 2.092004 
0.896933 2.091513 
0.897108 2.091012 
0.897273 2.090540 
0.897431 2.090088 
0.897571 2.089288 
0.897623 2.088807 
0.897782 2.088565 
0.898047 2.088187 
0.898176 2.087578 
0.898403 2.087306 
0.898447 2.086879 
0.898571 2.086359 
0.898712 2.085944 
0.898859 2.085483 
0.898963 2.084953 
0.899165 2.084504 
0.899414 2.083826 
0.899759 2.083403 
0.899823 2.082813 
0.899990 2.082482 
0.900039 2.081954 
0.900210 2.081567 
0.900421 2.081053 
0.900593 2.080353 
0.900782 2.079919 
0.900921 2.079408 
0.901249 2.078928 
0.901327 2.078580 
0.901526 2.077989 
0.901683 2.077547 
0.901726 2.077004 
0.901900 2.076526 
0.902095 2.075828 
0.902487 2.075549 
0.902335 2.074947 
0.902416 2.074229 
0.902695 2.073767 
0.902744 2.073284 
0.903017 2.072889 
0.903157 2.072413 
0.903343 2.071849 
0.903828 2.071603 
0.903708 2.071008 
0.903967 2.070349 
0.904072 2.069981 
0.904137 2.069403 
0.904343 2.069014 
0.904660 2.068528 
0.904691 2.068151 
0.905052 2.067761 
0.905173 2.067403 
0.905131 2.066832 
0.905437 2.066258 
0.905563 2.065857 
0.905618 2.065331 
0.906135 2.064893 
0.906099 2.064256 
0.906171 2.063985 
0.906385 2.063543 
0.906530 2.063058 
0.906729 2.062340 
0.906629 2.061932 
0.907021 2.061537 
0.906881 2.060909 
0.907142 2.060319 
0.907619 2.059927 
0.907751 2.059692 
0.908003 2.059236 
0.908102 2.058517 
0.908332 2.058096 
0.908357 2.057355 
0.908771 2.057019 
0.908846 2.056703 
0.909311 2.056293 
0.908999 2.055400 
0.909459 2.055114 
0.909149 2.054432 
0.909471 2.053936 
0.909478 2.053452 
0.909772 2.052965 
0.910201 2.052591 
0.910254 2.052007 
0.910392 2.051613 
0.910678 2.051212 
0.910948 2.051058 
0.910998 2.050286 
0.911161 2.049767 
0.911138 2.049288 
0.911443 2.049050 
0.911449 2.048345 
0.911830 2.048118 
0.912185 2.047828 
0.911896 2.047030 
0.912362 2.046875 
0.912125 2.046225 
0.912629 2.045837 
0.912760 2.045380 
0.912625 2.044720 
0.912467 2.044058 
0.912877 2.043707 
0.913272 2.043198 
0.913517 2.042774 
0.913632 2.042355 
0.913736 2.041568 
0.914127 2.041159 
0.914024 2.040426 
0.914249 2.040047 
0.914651 2.039716 
0.914676 2.039068 
0.914689 2.038763 
0.915009 2.038138 
0.915072 2.037862 
0.915287 2.037362 
0.915513 2.036903 
0.915754 2.036581 
0.915608 2.035763 
0.916230 2.035306 
0.916211 2.034714 
0.916439 2.034395 
0.916390 2.033588 
0.916524 2.033180 
0.916647 2.032683 
0.916857 2.032332 
0.917009 2.031851 
0.917440 2.031561 
0.917631 2.031128 
0.917800 2.030508 
0.917861 2.029858 
0.917532 2.029037 
0.918197 2.029173 
0.918223 2.028388 
0.918469 2.028267 
0.918637 2.027680 
0.918591 2.026979 
0.918839 2.026638 
0.918918 2.026255 
0.918939 2.025687 
0.919307 2.025079 
0.919602 2.024929 
0.919856 2.024184 
0.920049 2.023868 
0.919595 2.023194 
0.919887 2.022542 
0.919537 2.021800 
0.920185 2.021591 
0.920456 2.021136 
0.920674 2.020625 
0.921070 2.020314 
0.920796 2.019711 
0.920946 2.018905 
0.921197 2.018565 
0.921754 2.018221 
0.921812 2.017663 
0.922138 2.017367 
0.921848 2.016709 
0.921459 2.015724 
0.922041 2.015544 
0.922712 2.015558 
0.923023 2.015115 
0.923239 2.014603 
0.923145 2.013862 
0.923659 2.013806 
0.923698 2.013307 
0.923748 2.012615 
0.924021 2.012080 
0.924164 2.011758 
0.923656 2.010808 
0.923797 2.010345 
0.924175 2.009988 
0.924774 2.009727 
0.924930 2.009365 
0.925070 2.008902 
0.925221 2.008573 
0.925333 2.008139 
0.925501 2.007612 
0.925709 2.007096 
0.925901 2.006641 
0.926084 2.006202 
0.926343 2.005542 
0.926149 2.005033 
0.925624 2.003933 
0.926357 2.003821 
0.926658 2.003394 
0.927095 2.003141 
0.927122 2.002413 
0.927331 2.002049 
0.927540 2.001372 
0.927520 2.001081 
0.927687 2.000610 
0.928041 1.999914 
0.928185 1.999557 
0.928432 1.998960 
0.928499 1.998500 
0.928787 1.998136 
0.928770 1.997418 
0.928892 1.997200 
0.929021 1.996323 
0.929164 1.996024 
0.929527 1.995681 
0.929544 1.995099 
0.929871 1.994804 
0.929808 1.994129 
0.930213 1.993554 
0.930325 1.993063 
0.930433 1.992721 
0.930599 1.991994 
0.930667 1.991628 
0.931122 1.991188 
0.931344 1.990935 
0.931368 1.990334 
0.931372 1.989814 
0.931518 1.989284 
0.931587 1.989070 
0.931795 1.988508 
0.931932 1.987764 
0.932175 1.987489 
0.932297 1.987108 
0.932356 1.986586 
0.932925 1.986237 
0.933139 1.985725 
0.933083 1.985169 
0.932924 1.984332 
0.933380 1.984126 
0.933459 1.983661 
0.933541 1.983210 
0.933717 1.982454 
0.934217 1.982146 
0.934225 1.981627 
0.934340 1.980998 
0.934502 1.980617 
0.934465 1.980062 
0.934767 1.979567 
0.935007 1.979197 
0.935013 1.978597 
0.935189 1.978039 
0.935382 1.977712 
0.935460 1.976991 
0.935692 1.976873 
0.936004 1.976280 
0.935883 1.975684 
0.936505 1.975483 
0.936515 1.975013 
0.936784 1.974278 
0.936672 1.973758 
0.936944 1.973431 
0.936938 1.972719 
0.937269 1.972554 
0.937158 1.971873 
0.937589 1.971523 
0.937861 1.971092 
0.937717 1.970531 
0.937964 1.970085 
0.938133 1.969720 
0.938124 1.968983 
0.938435 1.968783 
0.938675 1.968449 
0.938736 1.967544 
0.939119 1.967200 
0.939130 1.966801 
0.939368 1.966175 
0.939550 1.965772 
0.939609 1.965434 
0.939810 1.964671 
0.940058 1.964306 
0.940373 1.963959 
0.940543 1.963386 
0.940561 1.962734 
0.940774 1.962221 
0.940945 1.961707 
0.941117 1.961343 
0.940948 1.960512 
0.941288 1.960086 
0.941772 1.960058 
0.941368 1.958983 
0.941747 1.958580 
0.942132 1.958389 
0.942411 1.957939 
0.942606 1.957438 
0.942575 1.956839 
0.942802 1.956299 
0.942842 1.955963 
0.943033 1.955471 
0.943402 1.954795 
0.943399 1.954503 
0.943774 1.954097 
0.943353 1.953245 
0.943661 1.952777 
0.943716 1.952263 
0.944119 1.951909 
0.944330 1.951744 
0.944615 1.951215 
0.944090 1.950231 
0.944881 1.950117 
0.944912 1.949822 
0.945201 1.949411 
0.945378 1.948831 
0.945583 1.948465 
0.945722 1.947989 
0.946007 1.947472 
0.946131 1.946768 
0.946342 1.946614 
0.946404 1.945745 
0.946413 1.945273 
0.946606 1.944818 
0.946847 1.944286 
0.947039 1.944098 
0.947251 1.943667 
0.947424 1.942850 
0.946509 1.942055 
0.947633 1.941905 
0.947677 1.941408 
0.947506 1.940542 
0.948006 1.940268 
0.948402 1.940014 
0.948532 1.939696 
0.948700 1.939237 
0.948715 1.938666 
0.948940 1.938195 
0.949081 1.937512 
0.949268 1.937042 
0.949452 1.936708 
0.949894 1.936064 
0.949825 1.935744 
0.949976 1.935322 
0.950197 1.934571 
0.950211 1.934323 
0.950415 1.933735 
0.950661 1.933195 
0.950753 1.932843 
0.950866 1.932155 
0.950963 1.931782 
0.951154 1.931501 
0.951389 1.930918 
0.951350 1.930629 
0.951588 1.930189 
0.951744 1.929538 
0.951884 1.929016 
0.952033 1.928430 
0.952265 1.928300 
0.952405 1.927582 
0.952535 1.927288 
0.952725 1.926598 
0.952761 1.926166 
0.953317 1.925670 
0.953369 1.925120 
0.953195 1.924564 
0.953499 1.923779 
0.953731 1.923359 
0.954171 1.923271 
0.954020 1.922601 
0.954267 1.922120 
0.954423 1.921689 
0.954651 1.921208 
0.954757 1.920678 
0.954940 1.920241 
0.955167 1.919736 
0.955612 1.919163 
0.955335 1.918569 
0.955877 1.918472 
0.956042 1.917594 
0.955894 1.916995 
0.956369 1.916776 
0.956280 1.916154 
0.956308 1.915730 
0.956530 1.915175 
0.956651 1.914771 
0.956866 1.914143 
0.957213 1.913686 
0.957149 1.913114 
0.957621 1.912905 
0.957455 1.912353 
0.957642 1.911907 
0.957795 1.911381 
0.957968 1.911019 
0.958155 1.910596 
0.958321 1.909950 
0.958492 1.909319 
0.958718 1.908965 
0.958694 1.908625 
0.958809 1.907788 
0.959200 1.907531 
0.959390 1.907121 
0.959777 1.906675 
0.959625 1.905843 
0.959799 1.905481 
0.959889 1.905035 
0.960141 1.904660 
0.960440 1.904326 
0.960382 1.903409 
0.960874 1.903339 
0.961009 1.902966 
0.961125 1.902315 
0.961344 1.901712 
0.961520 1.901329 
0.961413 1.900720 
0.961898 1.900217 
0.961726 1.899534 
0.961710 1.899025 
0.961871 1.898551 
0.962062 1.898316 
0.962407 1.897938 
0.962591 1.897107 
0.962835 1.896786 
0.962930 1.896355 
0.963115 1.896011 
0.963278 1.895561 
0.963375 1.895096 
0.963649 1.894712 
0.963714 1.894147 
0.963873 1.893800 
0.964075 1.893303 
0.964399 1.892774 
0.964143 1.892252 
0.964588 1.891689 
0.964867 1.891389 
0.964903 1.890900 
0.964896 1.890408 
0.965448 1.889933 
0.965244 1.889220 
0.965458 1.888777 
0.965724 1.888481 
0.965725 1.887971 
0.965998 1.887412 
0.966032 1.887002 
0.966523 1.886433 
0.966395 1.885776 
0.966924 1.885601 
0.966961 1.884880 
0.967139 1.884312 
0.967260 1.883791 
0.967295 1.883300 
0.967562 1.883098 
0.967653 1.882536 
0.967810 1.882061 
0.968105 1.881306 
0.968168 1.881099 
0.968372 1.880615 
0.968464 1.880078 
0.968779 1.879417 
0.969060 1.878990 
0.969068 1.878553 
0.969252 1.878140 
0.969459 1.877553 
0.969465 1.877057 
0.969635 1.876600 
0.969806 1.876260 
0.970334 1.875666 
0.970173 1.874863 
0.970563 1.874837 
0.970290 1.874176 
0.970810 1.873787 
0.970693 1.873067 
0.971188 1.873000 
0.971039 1.872145 
0.971370 1.871841 
0.971544 1.871236 
0.971664 1.870993 
0.971764 1.870471 
0.971947 1.869987 
0.972108 1.869513 
0.972235 1.868995 
0.972457 1.868511 
0.972592 1.868092 
0.972781 1.867565 
0.972961 1.867102 
0.973115 1.866612 
0.973303 1.866119 
0.973479 1.865608 
0.973611 1.865093 
0.973823 1.864614 
0.973965 1.864117 
0.974163 1.863630 
0.974303 1.863121 
0.974487 1.862637 
0.974663 1.862160 
0.974794 1.861657 
0.974985 1.861189 
0.975148 1.860670 
0.975302 1.860238 
0.975524 1.859428 
0.975663 1.859116 
0.975885 1.858597 
0.975916 1.858092 
0.975977 1.857477 
0.976457 1.857285 
0.976482 1.856870 
0.976683 1.856315 
0.976809 1.855879 
0.976740 1.855339 
0.977170 1.855117 
0.977282 1.854485 
0.977587 1.854306 
0.977369 1.853468 
0.977545 1.853177 
0.977816 1.852421 
0.977766 1.852112 
0.978097 1.851518 
0.978308 1.851294 
0.978427 1.850714 
0.978607 1.850320 
0.978490 1.849578 
0.978692 1.849152 
0.978941 1.848636 
0.979303 1.848096 
0.979478 1.847700 
0.979670 1.847197 
0.979811 1.846782 
0.980001 1.846312 
0.980155 1.845788 
0.980342 1.845295 
0.980496 1.844828 
0.980658 1.844355 
0.980837 1.843856 
0.981115 1.843150 
0.981143 1.842841 
0.981353 1.842408 
0.981548 1.841722 
0.981646 1.841314 
0.981826 1.840899 
0.982064 1.840423 
0.982291 1.839976 
0.982490 1.839479 
0.982468 1.838699 
0.982629 1.838341 
0.982987 1.837832 
0.982746 1.837052 
0.983136 1.836690 
0.983434 1.836377 
0.983604 1.835862 
0.983727 1.835459 
0.983596 1.834894 
0.983539 1.834187 
0.984001 1.834135 
0.984249 1.833631 
0.984325 1.833199 
0.984558 1.832768 
0.984476 1.832151 
0.984885 1.831811 
0.984940 1.831042 
0.984349 1.830344 
0.985524 1.830261 
0.985521 1.829888 
0.985651 1.829058 
0.985920 1.828590 
0.985787 1.828046 
0.985916 1.827600 
0.985871 1.827016 
0.986393 1.826534 
0.986591 1.826106 
0.986701 1.825474 
0.986870 1.825190 
0.986970 1.824773 
0.987160 1.824003 
0.987386 1.823649 
0.987573 1.823109 
0.987678 1.822879 
0.987892 1.822333 
0.988075 1.821651 
0.988128 1.821287 
0.988407 1.820814 
0.988648 1.820433 
0.988913 1.819917 
0.989245 1.819427 
0.989252 1.818967 
0.989201 1.818460 
0.989519 1.817998 
0.989917 1.817594 
0.989759 1.816885 
0.989813 1.816407 
0.990121 1.816078 
0.990523 1.815815 
0.990478 1.815138 
0.990792 1.814779 
0.990786 1.814496 
0.991106 1.814081 
0.991137 1.813530 
0.990399 1.812467 
0.991336 1.812230 
0.991771 1.811930 
0.991721 1.811482 
0.991840 1.810856 
0.992238 1.810371 
0.992254 1.809973 
0.992459 1.809537 
0.992624 1.809066 
0.992839 1.808565 
0.993101 1.807861 
0.993425 1.807541 
0.993031 1.806600 
0.993583 1.806218 
0.993436 1.805911 
0.994036 1.805672 
0.993142 1.804354 
0.994146 1.804645 
0.993869 1.803610 
0.994441 1.803403 
0.994578 1.802879 
0.994821 1.802443 
0.994994 1.801859 
0.995038 1.801387 
0.994931 1.800662 
0.995316 1.800238 
0.995618 1.799882 
0.995840 1.799479 
0.995822 1.798841 
0.995966 1.798613 
0.996044 1.798102 
0.996327 1.797688 
0.996567 1.797272 
0.996697 1.796513 
0.996558 1.796129 
0.997059 1.795657 
0.997224 1.795349 
0.997516 1.794894 
0.997474 1.794219 
0.997717 1.794107 
0.997776 1.793527 
0.997941 1.792845 
0.997886 1.792476 
0.998298 1.791895 
0.997351 1.790836 
0.984167 1.782353 
0.981071 1.779792 
0.979631 1.778673 
0.979726 1.778150 
0.982013 1.778792 
0.984011 1.779484 
0.987110 1.780710 
0.991208 1.782376 
0.993211 1.783142 
0.997550 1.784915 
1.000262 1.785959 
1.000200 1.785190 
1.000575 1.785005 
1.000778 1.784685 
1.000907 1.783947 
1.001009 1.783717 
1.001205 1.782985 
1.000667 1.782365 
1.001690 1.782179 
1.001644 1.781607 
1.002031 1.781220 
1.002155 1.780794 
1.002285 1.780231 
1.002395 1.779692 
1.002644 1.779283 
1.002689 1.778949 
1.002873 1.778488 
1.003037 1.778004 
1.003268 1.777270 
1.003310 1.776958 
1.003547 1.776656 
1.003643 1.776191 
1.003834 1.775781 
1.004038 1.775076 
1.003299 1.774350 
1.003188 1.773564 
1.004342 1.773641 
1.004750 1.773233 
1.004670 1.772500 
1.004869 1.772118 
1.005461 1.771864 
1.005647 1.771323 
1.005574 1.770712 
1.005810 1.770119 
1.005792 1.769528 
1.006033 1.769043 
1.006235 1.768814 
1.006393 1.768013 
1.006457 1.767656 
1.006614 1.767249 
1.006766 1.766479 
1.006913 1.766183 
1.007420 1.765669 
1.007357 1.765051 
1.007415 1.764772 
1.007771 1.764216 
1.008022 1.763610 
1.008090 1.763196 
1.008233 1.762630 
1.008437 1.762345 
1.008475 1.761775 
1.007786 1.760694 
1.008071 1.760201 
1.009108 1.760162 
1.009105 1.759766 
1.009339 1.759312 
1.009500 1.758768 
1.009663 1.758493 
1.005550 1.755367 
1.004347 1.754075 
1.005467 1.754376 
1.006071 1.754083 
1.006757 1.753954 
1.009312 1.754732 
1.010872 1.755455 
1.010837 1.754378 
1.010764 1.754102 
1.011461 1.753818 
1.011415 1.753000 
1.011639 1.752564 
1.011875 1.752192 
1.011927 1.751595 
1.012154 1.751207 
1.012368 1.750810 
1.012342 1.750319 
1.012740 1.749845 
1.012922 1.749199 
1.012949 1.748912 
1.013256 1.748525 
1.013622 1.748148 
1.013586 1.747570 
1.014181 1.747329 
1.014750 1.747060 
1.014911 1.746575 
1.015645 1.746196 
1.015945 1.745839 
1.015849 1.745388 
1.016019 1.744919 
1.014895 1.743418 
1.015087 1.742974 
1.015084 1.742554 
1.015275 1.741971 
1.015168 1.741535 
1.015167 1.740850 
1.016017 1.740621 
1.015781 1.739946 
1.016146 1.739616 
1.016183 1.739255 
1.016209 1.738748 
1.016274 1.738183 
1.016551 1.737869 
1.016998 1.737344 
1.017110 1.736922 
1.016983 1.736417 
1.017470 1.736148 
1.017316 1.735522 
1.017432 1.734789 
1.017765 1.734382 
1.017744 1.733766 
1.018024 1.733514 
1.018369 1.732915 
1.017417 1.732005 
1.018700 1.731927 
1.018873 1.731645 
1.019115 1.731057 
1.019312 1.730557 
1.019319 1.730051 
1.019634 1.729575 
1.019927 1.728946 
1.019288 1.728220 
1.019846 1.727702 
1.020065 1.727623 
1.020489 1.727025 
1.020578 1.726672 
1.020671 1.726122 
1.020585 1.725573 
1.020673 1.724892 
1.021141 1.724518 
1.021155 1.723958 
1.021416 1.723578 
1.021524 1.722874 
1.021545 1.722446 
1.021983 1.722008 
1.021662 1.721389 
1.021509 1.720497 
1.022211 1.720841 
1.021502 1.719669 
1.021633 1.719131 
1.022574 1.719048 
1.023336 1.718836 
1.023059 1.718358 
1.023520 1.718004 
1.022497 1.716842 
1.022644 1.716302 
1.023834 1.716227 
1.024087 1.715807 
1.024350 1.715428 
1.024411 1.714871 
1.024675 1.714307 
1.024774 1.714122 
1.024792 1.713552 
1.024997 1.712977 
1.025244 1.712460 
1.025374 1.711922 
1.025693 1.711482 
1.025738 1.710941 
1.025903 1.710724 
1.026046 1.710215 
1.026263 1.709728 
1.026465 1.709278 
1.026578 1.708753 
1.026770 1.708274 
1.026916 1.707780 
1.027115 1.707306 
1.027278 1.706833 
1.027463 1.706350 
1.027646 1.705865 
1.027820 1.705434 
1.028016 1.704922 
1.028210 1.704445 
1.028413 1.703949 
1.028563 1.703480 
1.028715 1.703001 
1.028894 1.702305 
1.029111 1.701899 
1.029247 1.701468 
1.029380 1.701036 
1.029568 1.700682 
1.029712 1.700279 
1.029925 1.699918 
1.030062 1.699476 
1.030190 1.699006 
1.030347 1.698553 
1.030506 1.698054 
1.030655 1.697329 
1.030809 1.696781 
1.031043 1.696571 
1.031211 1.696125 
1.031261 1.695585 
1.031509 1.695138 
1.031677 1.694612 
1.031916 1.693857 
1.032015 1.693383 
1.032180 1.692852 
1.032365 1.692532 
1.032447 1.692035 
1.032269 1.691162 
1.032243 1.690648 
1.032140 1.689960 
1.032149 1.689361 
1.033373 1.689376 
1.033540 1.688941 
1.033804 1.688422 
1.033801 1.688084 
1.033783 1.687388 
1.033712 1.686510 
1.033273 1.686065 
1.034090 1.685839 
1.034339 1.685324 
1.034617 1.684931 
1.034773 1.684303 
1.034938 1.683878 
1.035528 1.683529 
1.034306 1.682332 
1.035567 1.682461 
1.035504 1.681680 
1.034896 1.681252 
1.035882 1.681172 
1.035789 1.680455 
1.036481 1.680004 
1.036521 1.679645 
1.036600 1.679192 
1.036770 1.678769 
1.036857 1.678090 
1.037100 1.677826 
1.037189 1.677333 
1.037363 1.676599 
1.037548 1.676174 
1.037718 1.675799 
1.037850 1.675435 
1.038066 1.674774 
1.038191 1.674243 
1.037930 1.673706 
1.038288 1.673231 
1.038514 1.672866 
1.038511 1.672318 
1.038823 1.671759 
1.039128 1.671359 
1.038673 1.670742 
1.038385 1.669828 
1.039362 1.669731 
1.039824 1.669435 
1.039443 1.668293 
1.038749 1.667871 
1.039906 1.667858 
1.039293 1.666555 
1.040003 1.666696 
1.039757 1.666272 
1.040032 1.665633 
1.041119 1.665485 
1.040898 1.664658 
1.041093 1.664250 
1.040513 1.663210 
1.040962 1.663349 
1.040823 1.662639 
1.041179 1.662083 
1.042032 1.662133 
1.041950 1.661122 
1.042154 1.660847 
1.041969 1.660633 
1.041783 1.659895 
1.043021 1.659872 
1.042987 1.659108 
1.041809 1.658436 
1.041946 1.657832 
1.041156 1.656471 
1.041100 1.655939 
1.039950 1.654435 
1.038248 1.652861 
1.037120 1.651881 
1.036736 1.651062 
1.037021 1.650591 
1.037510 1.650311 
1.038357 1.650196 
1.038906 1.649904 
1.039174 1.649459 
1.039422 1.649024 
1.039692 1.648580 
1.040820 1.648619 
1.042427 1.649069 
1.043827 1.649292 
1.046311 1.650016 
1.046622 1.649503 
1.046593 1.649056 
1.046774 1.648710 
1.046722 1.648051 
1.047162 1.647627 
1.047254 1.647193 
1.047432 1.646589 
1.047348 1.646076 
1.039270 1.640480 
1.037975 1.639296 
1.037985 1.638733 
1.038705 1.638472 
1.040046 1.638871 
1.041051 1.638860 
1.041372 1.638458 
1.041575 1.638054 
1.041843 1.637633 
1.042337 1.637402 
1.043439 1.637530 
1.044227 1.637414 
1.044534 1.637015 
1.044760 1.636592 
1.044789 1.636051 
1.044877 1.635475 
1.045122 1.635063 
1.045064 1.634470 
1.045026 1.633856 
1.045242 1.633438 
1.045521 1.632987 
1.045788 1.632541 
1.046044 1.632100 
1.046128 1.631522 
1.045621 1.630677 
1.044293 1.629324 
1.044151 1.628577 
1.044094 1.627940 
1.044111 1.627380 
1.044328 1.626905 
1.044596 1.626460 
1.044801 1.626000 
1.044619 1.625300 
1.044221 1.624484 
1.044446 1.624060 
1.044710 1.623611 
1.044975 1.623165 
1.045198 1.622785 
1.045464 1.622339 
1.045722 1.621898 
1.045987 1.621451 
1.045911 1.620837 
1.045144 1.619849 
1.045322 1.619386 
1.044976 1.618450 
1.044158 1.617583 
1.044364 1.617112 
1.044605 1.616698 
1.044868 1.616261 
1.045077 1.615908 
1.045307 1.615521 
1.045561 1.615090 
1.045913 1.614752 
1.046825 1.614698 
1.047807 1.614686 
1.048091 1.614262 
1.048341 1.613829 
1.048599 1.613400 
1.048857 1.612961 
1.049112 1.612530 
1.049387 1.612066 
1.049652 1.611618 
1.049899 1.611195 
1.049986 1.610619 
1.049888 1.609958 
1.047665 1.608041 
1.046612 1.606838 
1.046637 1.606249 
1.047033 1.605856 
1.047843 1.605788 
1.048665 1.605704 
1.049329 1.605458 
1.050612 1.605391 
1.051335 1.605469 
